>BT474_1
Omics profile 2 1 2 2 2 1 2 2 1 2 2 1 2 2 3 1 2 2 2 2 3 1 1 2 2 2 2 2 2 2 3 2 2 2 1 1 3 3 2 2 2 2 2 2 2 2 2 1 1 2 3 1 2 2 2 3 1 2 2 3 3 2 1 1 2 3 2 1 1 2 3 2 1 3 2 2 2 2 3 2 1 2 2 2 2 3 3 2 2 2 1 2 2 1 2 1 2 3 1 2
>BT483_2
Omics profile 2 1 2 2 2 2 2 2 1 2 3 2 2 2 2 3 2 2 2 2 1 3 1 2 1 3 2 2 2 2 3 3 1 2 2 1 1 2 2 2 3 3 3 2 2 3 3 1 1 2 3 2 3 2 2 2 2 2 1 2 2 2 1 1 2 2 2 1 1 2 2 2 2 2 2 2 2 3 1 2 1 3 2 2 2 2 1 2 1 2 2 3 1 1 2 1 2 2 1 2
>BT549_3
Omics profile 2 3 2 1 1 1 1 2 2 1 2 2 2 2 2 2 2 1 1 2 2 2 3 1 3 2 3 2 2 2 2 2 3 2 2 3 2 2 1 1 2 2 2 2 1 2 2 3 3 2 1 2 1 2 2 2 1 2 1 2 2 2 3 2 2 1 1 3 3 1 2 2 2 2 1 1 2 2 2 2 3 2 2 2 1 2 2 1 2 2 1 3 2 3 2 3 2 2 3 2
>CAMA1_4
Omics profile 1 1 3 2 2 2 2 2 2 2 3 2 3 2 2 2 2 2 2 2 2 2 1 3 2 2 2 3 1 2 1 1 1 3 2 1 3 2 2 2 3 2 1 2 2 2 2 1 1 2 2 3 3 3 2 3 2 2 2 2 2 1 1 1 2 1 2 1 1 2 2 2 2 2 2 2 2 2 2 3 1 1 3 1 2 2 1 2 2 2 2 3 2 1 2 2 3 2 1 2
>DU4475_5
Omics profile 2 3 1 2 2 3 3 1 2 2 2 2 2 2 3 2 2 2 1 2 2 2 2 1 1 2 1 3 2 2 2 2 3 3 2 2 2 2 2 2 1 2 2 2 1 2 2 3 2 1 2 2 2 3 1 2 2 1 1 1 2 1 3 2 1 2 1 3 2 3 2 2 2 1 1 1 2 2 2 2 2 2 2 2 1 3 2 1 2 2 2 3 1 3 2 3 2 1 2 2
>HCC1143_6
Omics profile 2 3 3 1 2 2 2 1 2 2 1 2 2 2 2 2 2 1 1 1 2 2 3 2 1 2 2 2 2 1 2 2 2 2 2 3 2 2 2 3 2 2 2 1 2 2 2 3 3 2 2 2 1 2 2 2 2 1 2 2 2 1 3 3 2 2 1 3 3 2 2 1 3 2 2 2 2 1 2 1 3 2 1 1 1 2 2 2 1 2 1 2 2 3 2 3 1 1 2 3
>HCC1395_7
Omics profile 2 3 2 2 1 1 2 2 2 1 1 2 2 2 2 2 2 2 2 2 3 3 3 1 1 2 2 2 2 2 2 2 3 1 1 2 2 2 2 1 2 2 2 1 1 2 2 3 3 2 2 2 1 2 2 2 2 2 1 2 1 2 3 3 2 1 1 3 2 1 2 2 3 2 2 1 2 2 2 2 3 2 1 2 1 1 2 2 2 2 1 3 2 3 2 3 2 2 3 1
>HCC1419_8
Omics profile 3 1 2 2 2 2 2 2 2 2 2 3 1 2 2 2 3 1 2 3 3 3 1 3 2 3 2 2 3 2 2 2 1 2 2 1 2 1 2 2 2 2 1 2 2 2 1 1 1 2 2 1 2 2 2 1 3 2 2 2 2 3 1 1 2 2 2 1 1 2 3 2 2 2 2 2 2 2 2 2 1 2 1 3 2 2 1 2 2 3 2 2 3 1 2 1 2 3 1 2
>HCC1569_9
Omics profile 2 3 1 2 2 1 1 3 2 2 2 2 2 3 1 2 2 2 1 2 1 2 3 2 2 2 2 2 2 2 2 2 3 2 1 3 2 2 1 2 1 2 2 2 1 2 3 2 2 2 2 2 1 2 2 2 2 2 2 3 1 1 3 3 2 1 1 3 3 2 3 1 2 2 2 1 1 2 2 1 3 2 1 1 2 2 2 3 2 1 2 2 3 2 2 2 2 1 2 2
>HCC1806_10
Omics profile 2 3 2 1 2 1 1 1 1 2 2 2 2 1 2 3 2 1 1 2 1 2 3 1 2 2 1 2 2 2 2 2 3 1 2 3 2 2 2 2 2 2 2 1 2 2 2 2 3 1 2 2 2 2 2 2 1 2 2 1 3 2 3 2 1 2 1 3 3 3 2 2 2 2 2 2 1 2 2 2 3 2 3 1 2 2 2 2 1 2 2 1 2 3 2 3 2 1 3 2
>HCC1937_11
Omics profile 1 3 2 1 2 1 2 1 1 2 2 2 3 2 2 2 2 2 1 1 2 2 3 2 2 2 2 2 2 2 2 2 3 2 2 3 2 2 2 3 1 1 2 1 2 2 1 3 3 2 2 2 2 2 2 2 1 1 2 2 1 2 3 3 2 2 1 2 3 2 2 1 3 1 2 3 2 2 2 1 3 3 1 2 2 1 2 2 2 2 2 1 3 2 2 2 1 2 2 1
>HCC1954_12
Omics profile 2 3 2 1 2 2 1 2 1 1 2 2 2 2 2 2 2 1 2 2 2 2 3 3 3 1 2 2 2 1 2 2 3 1 2 3 2 2 2 2 1 2 2 3 2 2 1 3 3 2 2 2 2 2 2 2 2 2 2 1 3 2 3 3 2 1 1 3 2 2 2 2 1 2 1 1 1 3 1 1 2 2 2 1 2 2 2 2 2 2 2 1 2 3 1 2 2 2 3 1
>HCC202_13
Omics profile 2 2 1 2 2 2 3 3 3 2 2 2 2 2 2 2 2 2 2 3 3 2 1 2 2 1 2 2 1 3 2 2 1 1 1 2 2 2 2 1 3 2 2 2 3 2 1 2 1 2 2 1 2 1 2 1 1 2 2 2 3 2 2 1 2 3 2 3 1 1 2 2 2 2 2 3 3 2 2 1 2 2 2 2 2 1 2 3 2 2 3 1 1 2 2 2 1 3 1 2
>HCC70_14
Omics profile 2 3 1 1 1 1 1 3 1 2 2 2 2 1 1 2 2 2 2 1 2 2 3 3 2 2 2 1 3 2 2 2 3 2 1 3 2 2 1 1 2 2 2 2 2 2 2 3 3 2 2 2 2 2 2 2 1 2 2 2 1 2 3 3 2 1 2 3 2 2 2 2 2 1 1 2 2 1 2 2 2 2 2 2 2 1 2 2 2 2 2 1 1 3 1 3 3 2 3 2
>HS578T_15
Omics profile 2 3 2 2 2 2 1 1 2 1 2 1 2 1 2 2 2 1 1 2 2 2 3 1 2 2 1 2 2 1 2 2 2 2 2 3 3 2 1 1 2 2 2 2 1 2 2 3 3 2 2 2 2 2 2 2 2 1 2 2 1 2 3 3 1 1 1 3 3 1 2 2 2 1 3 1 2 2 2 2 3 2 2 2 2 2 2 1 2 2 1 3 2 3 2 3 2 2 3 2
>MCF7_16
Omics profile 2 1 2 2 3 3 2 2 2 2 1 3 2 2 2 2 1 2 2 2 2 3 1 2 2 3 2 3 2 1 3 2 1 2 2 1 2 2 2 2 3 2 2 1 2 2 2 1 1 2 2 2 2 1 3 1 2 2 2 2 2 2 1 1 2 2 2 1 1 3 3 1 3 2 2 2 2 2 1 2 1 2 2 2 2 2 2 2 3 3 2 2 2 1 3 1 3 2 1 1
>MDAMB175VII_17
Omics profile 1 2 2 3 3 3 2 2 2 2 2 2 3 2 2 3 2 2 1 1 2 2 1 2 2 1 2 1 2 2 1 3 1 2 2 1 1 1 1 3 1 1 1 2 3 1 2 2 2 3 2 1 2 2 2 2 2 2 3 2 2 3 2 2 2 2 2 2 2 2 1 1 2 2 2 3 2 2 2 2 2 3 2 2 1 2 3 2 2 1 2 1 3 2 2 2 1 2 2 3
>MDAMB231_18
Omics profile 2 3 1 2 2 2 2 2 1 1 2 2 2 3 2 2 2 1 2 1 2 2 3 2 2 2 1 1 2 1 2 2 3 2 3 3 2 2 1 2 2 2 2 3 1 2 2 3 3 1 2 2 2 2 2 2 1 1 2 2 1 2 3 3 1 1 2 3 2 2 2 2 2 2 1 1 1 2 2 2 3 1 2 1 2 2 2 2 2 2 1 2 2 3 2 3 2 1 3 2
>MDAMB361_19
Omics profile 3 1 2 2 3 2 2 1 2 3 2 2 3 2 2 1 1 2 2 2 2 1 1 2 2 2 2 2 1 2 2 2 1 2 2 1 3 2 2 2 2 1 3 2 2 3 2 2 1 2 2 2 2 2 2 3 2 2 2 2 1 3 1 1 2 2 2 1 1 2 2 3 1 3 2 2 3 1 3 2 1 2 2 3 3 2 2 2 1 2 2 2 2 1 2 1 3 2 1 2
>MDAMB453_20
Omics profile 3 1 3 2 2 2 2 1 3 3 2 2 3 2 2 2 2 3 3 2 2 2 1 2 2 1 2 2 1 3 2 1 2 2 2 1 2 2 3 2 2 1 2 2 2 1 1 2 1 3 2 2 2 2 1 2 3 3 3 2 2 1 2 2 2 2 3 1 2 2 2 2 1 2 2 2 3 2 1 1 2 1 2 2 1 2 2 2 2 2 3 2 2 2 1 2 1 1 1 2
>SKBR3_21
Omics profile 1 2 2 2 2 3 2 3 3 2 1 2 2 2 1 2 2 2 2 1 1 2 1 2 2 2 2 2 2 2 2 2 1 1 1 2 2 2 1 1 2 1 2 1 2 2 2 3 3 2 3 2 1 2 1 2 2 3 2 1 1 2 3 2 3 3 3 2 2 2 2 3 1 2 3 3 2 1 2 2 2 1 2 2 2 3 2 2 1 2 2 1 2 1 2 2 2 3 2 2
>SUM149PT_22
Omics profile 2 3 2 1 2 1 2 2 2 2 1 1 2 1 1 2 2 2 1 2 2 2 3 2 1 2 2 2 2 2 2 2 3 2 2 3 2 2 2 3 2 2 2 3 2 2 2 3 3 1 2 2 1 2 2 2 2 1 2 2 2 1 3 3 1 2 1 3 2 2 2 2 1 2 1 2 1 1 2 3 3 2 1 2 2 2 2 1 1 2 2 2 2 3 2 3 1 1 3 2
>SUM190PT_23
Omics profile 2 2 1 2 2 2 1 2 2 1 2 3 2 2 2 2 3 2 3 1 1 2 2 2 2 1 1 1 3 1 2 2 2 1 2 3 2 2 2 2 2 2 2 2 2 2 2 3 2 2 2 2 2 2 1 2 3 3 3 2 1 3 2 2 2 3 3 2 2 1 1 2 1 2 2 2 2 1 3 1 2 1 2 3 2 2 1 2 1 2 2 2 1 3 3 2 1 2 2 1
>SUM225CWN_24
Omics profile 2 2 2 2 2 2 1 1 1 2 2 3 1 2 2 1 1 3 2 3 2 2 2 2 1 2 2 3 2 3 2 2 2 3 2 2 1 2 2 2 2 1 2 2 3 1 3 2 2 3 1 2 1 1 2 1 2 3 2 3 2 3 2 2 2 2 3 1 2 2 1 2 1 2 2 2 2 2 2 2 2 2 2 2 3 1 1 1 3 1 2 1 2 3 2 2 1 2 2 2
>SUM229PE_25
Omics profile 2 3 1 1 2 2 3 1 2 2 2 2 2 1 1 2 2 1 1 2 1 2 2 2 1 2 2 2 2 2 2 2 3 2 2 3 2 2 3 1 2 2 2 2 2 2 2 3 3 1 2 2 3 2 2 2 2 1 2 2 1 2 3 3 1 2 1 3 3 2 2 2 1 1 2 2 2 1 2 2 3 2 2 1 2 1 2 2 2 2 2 1 1 3 1 3 2 2 3 2
>SUM52PE_26
Omics profile 2 2 1 1 1 3 2 2 2 2 2 2 3 2 2 3 3 1 2 2 3 1 1 2 3 2 1 2 2 3 1 1 2 2 3 1 1 2 1 2 3 2 1 2 3 2 1 3 1 2 1 2 2 1 2 2 2 2 3 3 2 2 1 2 2 2 2 1 2 2 1 3 2 2 2 2 2 2 2 2 1 1 2 2 2 2 3 2 3 2 2 2 2 2 1 2 2 2 2 2
>T47D_27
Omics profile 3 1 2 2 1 2 2 2 2 2 2 1 1 2 1 2 3 2 2 2 2 2 1 2 2 2 2 2 2 2 2 3 1 2 2 1 2 3 2 2 1 3 2 2 2 2 2 1 1 1 2 3 2 3 3 3 2 2 2 1 2 2 1 1 3 2 2 1 1 2 2 2 3 1 2 3 3 2 2 3 1 2 3 2 1 2 2 2 2 2 2 2 2 1 3 1 2 2 1 2
>UACC812_28
Omics profile 2 1 2 3 3 2 2 2 3 2 2 2 2 2 2 2 2 2 1 2 1 3 1 2 2 2 2 2 2 2 3 2 1 1 2 1 2 3 2 2 2 1 3 2 2 2 3 1 1 3 3 3 1 3 2 2 2 2 2 2 2 1 1 1 1 2 2 1 1 2 2 2 1 3 2 2 2 2 2 2 1 2 2 2 3 2 2 2 2 3 2 2 2 1 2 1 1 2 1 3
>UACC893_29
Omics profile 1 2 1 3 2 1 3 2 2 2 1 2 1 1 3 2 2 3 2 2 1 2 1 1 2 1 3 1 2 2 2 2 2 2 1 1 2 2 2 1 2 2 2 2 2 1 2 2 3 2 2 1 3 2 2 2 1 2 2 1 2 2 3 2 3 2 3 1 2 2 2 2 2 3 3 2 2 1 2 2 2 1 2 2 3 2 3 2 2 3 2 1 2 2 1 2 2 3 2 2
>ZR751_30
Omics profile 2 1 2 2 2 2 3 2 2 2 2 2 2 2 1 1 2 3 2 2 1 1 1 2 3 2 2 2 3 2 2 2 1 2 2 1 2 3 3 3 3 2 3 2 2 3 2 1 1 2 3 1 2 1 2 3 2 2 2 2 2 2 1 1 2 2 2 1 1 2 3 3 2 2 2 2 2 3 2 2 1 2 2 2 3 2 1 2 2 2 2 1 2 1 2 1 2 2 1 1
>ZR7530_31
Omics profile 2 1 1 2 1 2 2 2 2 2 2 2 2 3 2 3 2 2 2 3 2 2 1 2 3 2 2 2 2 2 1 1 1 3 2 1 3 1 2 2 1 3 3 2 2 1 3 1 2 2 2 2 3 2 2 2 3 2 3 2 2 3 1 1 2 2 2 1 1 2 1 1 2 2 2 2 2 2 2 2 1 1 2 3 2 2 2 2 2 2 2 2 3 1 2 1 2 3 1 2
