>ENSG00000154316_1
Omics profile 7 9 4 11 7 8 16 12 13 6 13 13 7 9 13 2 8 20 17 6 8 9 12 8 9 16 12 5 10 8
>ENSG00000157827_2
Omics profile 4 16 5 20 20 20 2 18 18 20 18 10 15 17 5 7 18 20 3 8 16 5 9 17 9 3 1 10 1 4
>ENSG00000158258_3
Omics profile 12 11 19 6 19 14 9 4 7 13 9 3 6 13 14 11 6 9 19 7 9 4 10 5 6 8 12 6 9 6
>ENSG00000160180_4
Omics profile 12 6 8 9 6 8 14 8 6 4 6 14 5 9 8 20 13 13 11 12 5 12 10 4 1 8 15 17 13 11
>ENSG00000160182_5
Omics profile 15 6 9 9 8 6 13 8 9 11 10 12 5 12 16 15 12 17 11 10 11 8 7 10 3 5 16 15 13 5
>ENSG00000162415_6
Omics profile 10 6 7 20 13 5 12 6 4 5 12 8 2 14 16 15 13 8 10 17 2 9 11 7 15 8 10 3 8 10
>ENSG00000162755_7
Omics profile 9 4 12 15 8 13 8 4 3 8 3 20 4 6 8 14 7 8 13 11 13 4 20 16 12 12 13 20 15 7
>ENSG00000162976_8
Omics profile 12 9 9 20 6 11 12 16 4 4 12 17 16 6 9 10 13 4 20 16 12 13 4 4 11 13 12 13 14 9
>ENSG00000163704_9
Omics profile 6 14 7 8 12 9 9 7 5 3 20 16 3 10 10 14 4 12 15 20 12 9 2 12 13 7 17 12 12 14
>ENSG00000070731_10
Omics profile 7 3 9 12 11 3 10 9 8 9 1 15 14 1 9 11 4 15 20 8 11 7 9 13 13 9 10 11 14 10
>ENSG00000164402_11
Omics profile 15 14 20 11 2 6 8 10 12 14 10 11 12 15 6 9 14 7 10 20 1 13 7 7 10 13 11 5 8 8
>ENSG00000164919_12
Omics profile 10 7 8 9 9 9 20 10 8 10 12 9 10 5 20 12 9 8 10 11 20 16 15 14 9 6 8 11 8 9
>ENSG00000165061_13
Omics profile 10 9 15 8 11 9 4 8 9 15 10 10 8 14 8 16 9 17 20 7 9 8 4 8 19 4 12 6 12 8
>ENSG00000165475_14
Omics profile 8 13 10 13 14 10 13 15 3 7 14 14 4 3 10 9 15 8 7 8 6 15 8 20 7 10 11 20 10 17
>ENSG00000165731_15
Omics profile 8 9 10 18 8 7 15 5 11 7 8 9 5 7 13 13 9 11 15 4 6 10 9 5 12 6 14 20 6 8
>ENSG00000165863_16
Omics profile 17 10 7 13 10 10 7 8 20 8 7 6 9 10 10 19 10 5 8 8 10 7 6 10 19 13 13 7 4 19
>ENSG00000167769_17
Omics profile 8 10 8 10 9 11 20 8 10 8 7 11 9 10 6 11 10 6 7 8 10 15 5 9 18 20 13 7 11 10
>ENSG00000168350_18
Omics profile 9 4 12 10 6 7 6 10 4 10 4 12 9 4 9 15 5 12 18 13 10 11 19 3 6 10 10 17 18 11
>ENSG00000168421_19
Omics profile 8 6 13 5 3 7 13 3 6 5 13 13 9 6 10 6 8 14 16 9 5 16 15 4 14 10 6 12 13 13
>ENSG00000168589_20
Omics profile 11 8 10 10 4 9 16 9 7 4 15 20 6 11 10 20 6 8 9 5 7 6 20 11 8 12 10 11 11 16
>ENSG00000169239_21
Omics profile 8 13 11 8 9 16 20 6 6 13 11 18 13 14 10 10 10 10 10 4 12 20 9 2 20 7 7 4 4 12
>ENSG00000169347_22
Omics profile 20 11 9 9 10 15 17 11 10 11 9 7 10 13 18 7 9 6 7 9 14 6 7 9 5 8 17 9 6 7
>ENSG00000169429_23
Omics profile 5 17 5 12 19 17 4 17 19 16 20 6 16 20 3 2 19 3 5 6 20 13 13 9 4 3 2 4 2 4
>ENSG00000169891_24
Omics profile 10 20 16 6 12 5 14 14 2 7 16 10 18 4 7 12 12 7 12 11 12 9 10 12 13 10 9 1 9 8
>ENSG00000169895_25
Omics profile 6 15 7 4 20 4 11 10 10 12 17 12 13 10 8 8 14 9 11 10 5 10 20 6 18 12 12 10 16 16
>ENSG00000170500_26
Omics profile 19 14 13 10 12 9 15 8 9 9 6 5 7 9 15 4 11 12 5 8 9 4 10 8 14 9 11 6 11 10
>ENSG00000075461_27
Omics profile 10 15 12 2 9 7 9 9 20 11 13 10 12 3 10 11 2 13 12 14 8 3 14 12 6 9 10 19 11 14
>ENSG00000172264_28
Omics profile 14 8 20 17 12 13 12 9 7 10 8 9 3 8 14 6 5 7 14 11 10 4 14 7 8 7 6 4 10 12
>ENSG00000173467_29
Omics profile 14 9 4 8 8 9 17 7 9 9 9 5 20 9 10 9 9 6 6 7 9 17 10 8 14 11 8 7 19 11
>ENSG00000174483_30
Omics profile 9 8 7 8 20 12 13 12 12 11 4 19 9 4 6 11 20 8 15 12 14 2 19 7 17 14 9 11 12 11
>ENSG00000174498_31
Omics profile 18 12 6 9 10 12 10 9 11 9 8 9 10 13 19 5 12 13 7 9 11 8 7 10 5 12 19 8 10 6
>ENSG00000175356_32
Omics profile 20 13 6 11 9 12 8 9 11 10 8 7 9 12 14 17 9 10 6 9 10 8 7 10 4 17 14 10 13 6
>ENSG00000176597_33
Omics profile 1 19 3 17 14 15 2 19 20 17 20 2 20 13 3 6 16 4 10 6 16 13 11 20 7 4 2 14 20 2
>ENSG00000178988_34
Omics profile 14 11 17 16 8 4 12 11 2 14 6 5 11 9 13 10 9 9 12 20 12 5 16 12 7 9 4 9 7 19
>ENSG00000179010_35
Omics profile 7 14 14 10 8 20 11 3 7 13 13 20 4 13 14 8 15 12 14 2 13 11 8 13 20 12 8 6 8 9
>ENSG00000081041_36
Omics profile 4 16 4 7 20 15 4 17 17 19 16 9 19 16 4 3 17 3 6 7 20 15 11 15 3 4 3 6 3 3
>ENSG00000180777_37
Omics profile 4 13 19 9 10 12 13 9 10 9 8 8 10 15 8 4 13 18 10 10 10 7 6 10 4 8 12 8 7 20
>ENSG00000082175_38
Omics profile 11 11 16 10 11 11 5 10 11 10 9 8 11 12 8 5 11 13 8 9 11 8 7 11 7 20 17 8 20 5
>ENSG00000183044_39
Omics profile 13 5 14 12 7 10 9 5 11 13 10 12 6 6 12 6 2 14 15 5 11 10 7 16 2 9 12 10 17 12
>ENSG00000183317_40
Omics profile 13 4 10 14 17 4 7 10 10 15 13 20 3 4 9 17 8 9 12 3 15 11 13 6 14 9 9 3 17 9
>ENSG00000084444_41
Omics profile 15 7 14 4 10 13 8 6 8 4 2 15 14 7 18 6 11 11 10 12 9 14 8 9 16 4 8 13 16 6
>ENSG00000185261_42
Omics profile 18 14 11 10 13 14 13 9 8 6 10 14 10 8 9 4 7 2 5 6 13 7 4 14 11 19 5 7 10 18
>ENSG00000186910_43
Omics profile 15 11 6 10 11 13 5 10 12 10 9 8 11 12 7 5 11 16 8 9 11 9 8 11 6 14 20 9 20 15
>ENSG00000087274_44
Omics profile 13 12 12 12 5 20 10 7 5 20 15 10 10 14 6 8 17 11 9 1 17 9 13 14 12 11 7 9 9 14
>ENSG00000088002_45
Omics profile 7 2 8 3 10 3 9 1 13 15 13 19 14 2 11 16 20 9 11 13 11 12 16 13 16 8 9 12 9 10
>ENSG00000196208_46
Omics profile 16 8 13 14 11 11 7 11 11 8 7 7 8 12 14 4 11 19 6 7 12 9 6 12 8 13 14 5 19 6
>ENSG00000196557_47
Omics profile 17 11 7 8 7 8 6 20 10 6 6 5 7 10 12 14 12 14 5 7 8 11 17 9 7 11 16 10 8 15
>ENSG00000196636_48
Omics profile 5 15 1 15 15 18 20 13 15 16 15 12 16 16 20 10 15 7 11 18 16 15 10 19 17 20 5 14 20 1
>ENSG00000196639_49
Omics profile 3 20 2 13 16 20 4 7 16 20 15 1 17 18 2 9 20 4 2 15 15 14 13 17 20 2 3 15 4 8
>ENSG00000007402_50
Omics profile 10 10 11 6 12 8 9 10 3 12 12 9 9 7 8 15 3 14 16 12 3 10 18 4 8 6 18 9 12 14
>ENSG00000198133_51
Omics profile 17 6 9 7 8 10 8 8 13 8 8 8 10 9 12 11 10 15 8 19 9 11 2 11 2 11 16 12 18 7
>ENSG00000090539_52
Omics profile 9 10 15 7 8 11 5 14 8 8 8 4 8 11 9 4 11 10 14 9 13 12 11 7 10 18 20 6 5 9
>ENSG00000198863_53
Omics profile 19 3 17 11 3 2 9 4 14 13 12 11 12 8 7 14 14 9 9 6 3 11 4 15 10 11 5 16 8 15
>ENSG00000198944_54
Omics profile 13 9 20 15 9 10 9 14 9 12 11 4 13 10 6 7 8 7 8 7 15 7 6 8 5 17 18 8 6 8
>ENSG00000091831_55
Omics profile 13 7 14 6 9 7 11 7 13 14 10 8 11 10 16 8 8 11 4 4 9 4 8 15 9 15 9 9 14 13
>ENSG00000204276_56
Omics profile 13 10 18 9 13 14 6 9 10 8 10 7 9 11 5 13 10 20 7 8 10 8 6 10 11 17 9 7 16 8
>ENSG00000205913_57
Omics profile 11 2 9 13 14 11 19 11 5 1 9 4 5 7 11 12 4 8 18 12 13 20 11 10 8 8 9 20 8 15
>ENSG00000100219_58
Omics profile 8 7 10 5 3 12 11 13 9 2 9 11 13 5 12 8 6 10 19 16 20 18 15 3 9 10 8 9 14 12
>ENSG00000100711_59
Omics profile 5 5 8 20 8 1 8 7 9 9 14 13 12 9 9 17 8 9 17 9 8 18 13 15 15 13 7 10 12 17
>ENSG00000101850_60
Omics profile 12 8 10 6 13 9 12 16 4 12 2 13 10 7 11 13 7 11 14 3 9 9 16 9 17 6 13 2 9 10
>ENSG00000213204_61
Omics profile 9 7 11 14 10 6 14 6 15 6 17 17 6 5 15 9 4 6 9 5 7 7 8 6 15 15 9 12 9 9
>ENSG00000105388_62
Omics profile 8 7 5 6 5 7 15 4 11 11 14 10 12 8 12 19 7 16 4 10 6 20 18 8 10 7 6 8 9 18
>ENSG00000109861_63
Omics profile 5 17 5 16 17 16 20 16 16 15 20 10 19 16 4 7 16 5 7 15 18 13 9 14 5 5 4 16 5 20
>ENSG00000111912_64
Omics profile 20 13 6 14 15 17 4 20 12 18 19 4 20 15 5 9 16 20 10 14 19 12 12 16 7 1 4 12 3 2
>ENSG00000113494_65
Omics profile 10 11 11 1 12 12 10 13 20 8 10 14 14 3 10 8 5 9 13 15 6 10 8 20 12 16 6 18 8 13
>ENSG00000115616_66
Omics profile 9 5 4 7 14 6 15 2 10 7 3 17 4 6 11 8 5 12 13 18 7 17 12 9 11 13 9 12 11 11
>ENSG00000116299_67
Omics profile 8 6 13 4 4 5 10 3 4 7 6 13 13 6 13 10 7 11 17 17 4 16 20 4 11 8 8 15 9 10
>ENSG00000026652_68
Omics profile 4 18 2 20 17 19 3 18 16 11 16 16 18 18 2 7 19 1 2 10 19 9 1 17 20 5 5 3 6 3
>ENSG00000116717_69
Omics profile 2 20 20 14 18 14 3 20 17 20 14 3 14 19 4 10 14 2 9 10 14 10 14 19 8 20 4 13 5 4
>ENSG00000118242_70
Omics profile 8 20 12 19 13 2 8 10 18 8 9 6 15 2 20 9 10 7 10 12 8 3 10 8 13 9 7 9 7 10
>ENSG00000120262_71
Omics profile 9 10 12 9 9 10 16 19 10 9 8 7 10 12 17 5 10 11 8 8 10 6 5 11 4 14 10 7 20 5
>ENSG00000122735_72
Omics profile 14 8 10 8 6 9 10 6 9 6 7 11 8 8 4 3 8 18 9 20 14 7 12 7 15 12 11 13 15 6
>ENSG00000123066_73
Omics profile 11 13 9 12 16 16 7 11 14 16 5 9 9 12 17 13 12 6 20 2 2 6 5 3 11 20 6 9 13 7
>ENSG00000123191_74
Omics profile 10 12 14 3 13 8 12 13 7 3 10 15 20 4 7 13 8 16 9 13 14 10 11 5 7 6 15 17 10 9
>ENSG00000124126_75
Omics profile 12 1 8 2 11 14 7 12 13 10 5 7 1 15 11 10 1 10 8 19 6 14 8 13 10 12 10 15 15 12
>ENSG00000124507_76
Omics profile 11 4 12 3 10 6 9 20 14 18 3 15 8 5 11 18 3 7 9 16 8 11 9 13 8 15 10 14 7 7
>ENSG00000124713_77
Omics profile 7 12 9 7 10 10 11 5 6 12 4 18 8 13 7 9 3 17 20 10 4 10 8 8 9 18 10 8 13 9
>ENSG00000129295_78
Omics profile 20 9 11 11 4 12 9 11 14 12 17 9 4 8 12 10 12 5 12 3 6 2 13 6 12 10 7 2 17 12
>ENSG00000134240_79
Omics profile 4 9 7 7 7 9 14 7 8 9 5 12 7 9 5 14 12 20 6 15 8 20 14 8 12 10 15 10 10 16
>ENSG00000134830_80
Omics profile 12 8 15 13 5 7 11 4 7 5 4 6 7 11 11 11 10 12 4 9 18 5 10 12 9 15 14 11 11 11
>ENSG00000134871_81
Omics profile 3 20 3 11 20 20 3 17 20 19 11 9 7 20 3 9 17 4 8 13 20 8 9 20 4 3 4 7 3 4
>ENSG00000135097_82
Omics profile 16 15 4 9 14 10 11 13 12 17 11 7 7 7 15 20 6 13 3 5 7 3 11 10 6 14 8 5 12 5
>ENSG00000135392_83
Omics profile 11 12 16 12 2 4 6 20 15 5 7 12 12 11 13 7 14 9 13 11 4 12 9 12 10 19 11 8 7 7
>ENSG00000135773_84
Omics profile 6 8 6 11 6 8 19 5 6 7 5 10 8 9 7 13 6 19 11 13 7 19 12 5 10 10 8 10 14 17
>ENSG00000136883_85
Omics profile 11 5 13 5 4 6 10 14 9 10 8 9 12 8 8 20 11 15 3 14 7 9 17 11 10 5 15 16 15 14
>ENSG00000055163_86
Omics profile 9 7 15 19 15 5 7 14 8 3 9 3 2 9 9 8 9 10 12 17 8 13 3 2 14 10 11 13 10 9
>ENSG00000139219_87
Omics profile 6 10 6 10 9 10 6 8 12 9 11 8 9 10 9 20 10 13 11 8 12 6 5 11 20 7 13 18 4 13
>ENSG00000141232_88
Omics profile 9 4 9 4 9 8 12 15 9 10 11 20 11 20 12 8 7 12 14 14 4 12 6 9 9 11 7 14 9 13
>ENSG00000141376_89
Omics profile 6 9 10 8 6 11 7 13 1 7 7 13 11 11 20 7 13 6 13 6 5 5 17 14 16 9 8 9 7 12
>ENSG00000141977_90
Omics profile 9 9 8 7 7 13 18 6 8 12 7 11 11 8 15 1 8 10 12 9 8 10 3 7 11 7 19 20 12 9
>ENSG00000143412_91
Omics profile 10 3 11 8 1 3 8 9 8 6 12 14 13 20 13 12 4 10 16 13 9 12 10 13 9 11 11 14 10 10
>ENSG00000144218_92
Omics profile 16 17 18 17 7 15 8 12 6 4 4 6 6 17 8 3 9 14 9 4 13 8 3 6 13 14 7 4 6 11
>ENSG00000144711_93
Omics profile 6 12 8 4 11 8 18 15 7 17 9 6 20 14 7 18 9 9 13 12 9 1 9 1 12 9 13 11 7 20
>ENSG00000145431_94
Omics profile 2 16 3 18 16 18 6 11 15 11 19 10 17 17 20 9 20 3 7 4 17 17 20 18 9 6 20 10 5 3
>ENSG00000146038_95
Omics profile 12 10 13 12 7 9 10 8 12 13 6 8 6 8 17 12 7 8 4 10 7 19 14 6 3 16 14 4 11 7
>ENSG00000146112_96
Omics profile 3 18 9 16 18 19 1 12 19 14 12 11 15 19 6 10 18 5 9 10 17 8 9 20 6 2 20 8 4 20
>ENSG00000146476_97
Omics profile 14 12 17 13 4 13 10 12 13 20 14 2 15 10 19 6 15 15 4 14 3 6 4 10 8 7 6 8 8 8
>ENSG00000064787_98
Omics profile 7 8 8 5 5 8 17 2 5 9 11 16 8 7 9 12 6 8 6 20 4 14 15 9 8 8 9 19 9 20
>ENSG00000148841_99
Omics profile 20 19 20 15 12 17 5 12 17 14 18 4 17 20 1 12 20 4 1 11 15 14 12 18 10 4 3 13 2 4
>ENSG00000151303_100
Omics profile 7 10 10 9 15 4 14 15 14 2 20 8 8 11 4 16 13 10 8 11 10 20 12 9 13 9 20 11 6 13
