>BT474
Omics profile 2 2 5 6 6 2 4 6 4 6 5 6 3 5 6 1 2 6 4 3 5 1 1 4 6 4 5 2 4 5 3 3 4 6 6 1 4 4 5 2 4 1 2 6 6 5 4 1 2 3 5 2 5 3 4 3 2 6 5 5 3 4 4 3 6 5 6 1 4 5 4 3 5 5 6 3 4 3 6 4 2 4 5 3 3 6 2 6 5 2 3 4 5 3 2 4 6 6 3 3
>BT483
Omics profile 2 3 5 6 6 4 5 6 4 6 6 6 3 5 4 4 2 6 4 3 4 3 2 4 6 5 6 3 6 5 4 6 1 6 6 1 1 4 6 4 6 2 3 6 6 6 6 4 2 4 6 3 6 4 6 3 3 6 5 4 3 4 4 3 6 4 6 1 4 5 3 3 6 5 6 5 4 4 1 5 1 5 6 3 6 5 2 6 5 3 6 5 5 2 3 4 6 5 2 3
>BT549
Omics profile 1 4 2 1 1 1 1 4 4 2 5 6 1 4 1 1 1 1 1 1 3 1 4 1 6 2 5 1 1 4 1 2 5 6 6 3 2 1 1 1 3 1 1 6 1 1 1 5 5 2 1 1 4 1 1 1 1 6 4 1 1 1 6 4 3 1 2 3 6 3 1 1 5 3 1 1 3 1 1 1 6 3 5 1 1 2 1 5 3 1 1 4 5 5 1 6 5 1 5 2
>CAMA1
Omics profile 1 3 6 5 6 3 5 5 4 5 6 6 3 5 4 2 2 6 4 3 4 2 1 4 6 3 6 4 1 4 1 1 1 6 6 1 5 4 6 3 5 2 1 6 5 5 2 1 1 4 3 3 5 6 6 3 2 6 5 3 2 1 4 3 6 2 6 1 4 5 3 2 5 5 5 4 3 3 2 5 1 1 6 2 5 6 1 6 5 2 6 5 5 3 3 5 6 4 2 3
>DU4475
Omics profile 1 5 1 3 2 4 4 2 3 4 5 6 1 5 5 2 1 3 1 1 3 1 2 2 5 1 1 3 1 4 1 2 4 6 6 1 1 1 3 3 3 1 1 6 1 4 1 5 3 1 1 1 5 3 1 1 2 6 4 1 2 1 6 4 1 1 1 3 6 5 1 1 5 1 1 1 2 2 1 3 3 2 5 2 1 6 1 5 3 1 3 4 4 5 2 5 5 1 4 2
>HCC1143
Omics profile 1 5 4 1 2 3 2 4 4 4 4 6 1 5 1 1 1 2 1 1 3 1 4 3 5 2 3 2 1 4 1 1 3 6 6 4 1 1 2 3 4 1 1 5 3 2 1 5 3 2 2 1 4 1 2 1 2 6 5 2 1 1 6 4 4 3 2 3 6 4 1 1 5 3 4 2 2 1 1 1 6 3 5 1 1 4 1 6 3 1 1 1 5 5 1 6 4 2 4 3
>HCC1395
Omics profile 1 5 2 1 1 1 2 4 3 2 5 6 1 4 1 1 1 2 1 1 3 2 3 2 5 1 2 2 1 4 1 1 3 5 6 2 1 1 2 1 4 1 1 5 1 2 1 6 4 2 2 1 4 1 1 1 2 6 4 1 1 1 6 5 3 1 2 3 5 3 1 1 5 2 4 1 2 2 1 1 5 1 5 1 1 2 1 6 4 1 2 3 4 5 1 6 4 2 4 1
>HCC1419
Omics profile 3 2 4 6 6 4 3 6 5 6 6 6 1 6 6 2 4 3 4 4 5 2 1 4 6 4 6 3 6 5 2 3 1 6 6 1 3 1 4 3 4 2 1 6 6 3 2 1 2 3 3 1 5 3 5 1 3 6 5 4 3 5 1 3 6 5 6 1 4 5 4 3 5 5 5 4 4 3 5 4 1 4 5 5 5 4 1 6 4 4 5 3 6 4 3 3 5 6 3 4
>HCC1569
Omics profile 1 5 1 2 2 2 1 5 3 3 5 6 1 5 1 1 1 3 1 1 2 1 3 3 6 1 3 1 1 5 1 1 4 6 6 4 1 1 2 2 3 1 1 5 2 2 5 4 2 2 2 2 4 2 1 1 2 6 4 3 1 1 6 6 4 1 2 3 6 4 3 1 5 4 4 1 2 2 1 1 5 3 4 1 4 4 1 6 4 1 3 2 5 3 1 5 5 1 4 3
>HCC1806
Omics profile 1 5 1 1 2 1 1 3 3 3 5 6 1 3 2 3 1 1 1 1 2 1 4 2 6 1 1 1 1 4 1 1 4 5 6 4 1 1 2 2 3 1 1 5 4 2 1 5 4 1 3 1 5 1 3 1 1 6 4 1 2 2 6 4 1 2 2 3 6 5 1 1 5 2 4 3 2 2 1 1 6 2 5 1 2 2 1 6 3 1 3 1 4 4 2 6 5 1 5 3
>HCC1937
Omics profile 1 5 2 1 3 1 2 3 3 4 6 6 2 4 2 1 1 3 1 1 3 1 3 2 6 1 4 2 1 4 1 1 4 6 6 4 1 1 4 3 3 1 1 5 5 2 1 5 4 2 2 1 5 2 3 1 1 6 5 2 1 2 6 5 3 1 2 2 6 4 1 1 5 2 4 4 3 2 1 1 6 3 5 1 2 2 1 6 3 2 3 1 5 3 2 5 3 2 4 1
>HCC1954
Omics profile 2 5 2 2 3 3 1 5 2 2 5 6 1 5 2 1 1 2 3 2 3 1 4 4 6 1 4 1 2 4 1 1 5 6 6 3 1 1 3 3 3 1 1 6 4 2 1 5 4 2 2 1 5 2 2 1 2 6 5 1 3 3 6 5 4 1 2 3 6 4 1 1 4 3 3 1 2 3 1 1 3 2 5 1 2 3 1 6 4 1 4 1 5 5 1 5 5 3 5 1
>HCC202
Omics profile 2 3 1 6 6 2 5 6 5 6 5 6 1 5 2 1 2 5 3 4 4 1 1 3 6 1 4 2 1 5 1 1 1 6 6 1 1 1 4 1 5 1 1 6 6 2 1 4 1 2 2 1 5 1 2 1 1 6 5 3 3 2 5 3 5 4 5 3 4 4 1 2 5 4 3 4 4 2 3 1 3 2 5 2 2 2 1 6 5 2 5 1 5 4 1 5 4 5 3 2
>HCC70
Omics profile 1 4 1 1 1 1 1 5 3 4 5 6 1 3 1 1 1 2 1 1 3 1 3 4 6 1 4 1 6 4 1 1 5 6 6 5 1 1 2 1 4 1 1 6 4 1 1 5 4 2 2 1 5 2 2 1 1 6 5 2 1 2 6 6 4 1 4 3 5 5 1 1 5 1 1 2 2 1 1 1 2 1 5 1 3 1 1 6 4 1 4 1 4 5 1 5 5 2 5 2
>HS578T
Omics profile 1 4 2 2 3 2 1 3 3 1 5 6 2 3 1 1 1 1 1 1 3 1 5 2 6 1 1 1 1 4 1 1 2 6 6 3 2 1 1 1 3 1 1 6 1 2 1 5 4 1 2 1 4 1 2 1 1 6 5 1 1 1 6 4 1 1 2 3 6 3 1 1 5 1 5 1 2 1 1 2 6 1 5 1 1 2 1 4 4 1 1 4 5 4 1 6 4 1 6 2
>MCF7
Omics profile 2 3 5 6 6 4 4 5 5 6 5 6 2 5 5 2 1 6 4 3 4 3 1 3 6 4 6 3 4 4 4 5 1 6 6 1 2 2 5 3 6 2 1 6 6 6 5 1 1 3 5 2 5 2 6 1 2 6 5 4 3 4 4 3 5 4 6 1 4 6 5 1 6 4 6 4 3 3 2 4 1 4 6 3 4 4 2 6 6 3 6 3 5 2 4 5 6 5 3 2
>MDAMB175VII
Omics profile 1 3 3 6 6 4 4 5 5 5 5 6 2 4 4 3 2 6 2 1 3 1 1 3 6 1 5 2 2 5 1 4 2 6 6 1 1 1 3 4 4 1 1 6 6 2 4 5 3 3 3 1 5 2 3 2 2 6 6 3 2 5 5 4 4 3 5 2 6 4 1 1 5 4 5 5 3 2 3 3 4 4 5 3 1 3 4 6 4 1 5 1 6 4 2 5 4 5 4 3
>MDAMB231
Omics profile 1 5 1 4 4 2 2 4 3 2 6 6 1 5 1 1 1 2 1 1 3 1 5 3 6 1 1 1 1 4 1 1 3 6 6 4 1 1 1 1 4 1 1 6 1 2 2 5 5 1 2 1 5 1 1 1 1 6 4 1 1 1 6 4 2 1 2 3 6 4 1 1 5 2 1 1 1 2 2 2 5 1 5 1 2 2 1 6 4 1 2 1 5 6 1 6 5 1 5 2
>MDAMB361
Omics profile 3 2 4 6 6 3 4 4 5 6 6 6 3 5 5 1 1 6 4 2 4 1 1 3 6 3 6 2 3 5 3 4 2 6 6 1 4 3 5 3 5 1 2 6 6 6 5 4 2 4 5 3 5 2 5 3 2 6 5 4 2 5 5 3 5 4 6 1 4 5 3 3 5 5 6 3 5 2 6 5 2 4 6 5 6 5 2 6 4 3 6 4 5 3 3 5 6 5 3 3
>MDAMB453
Omics profile 2 2 5 5 5 2 4 3 5 6 5 6 4 4 4 1 1 6 4 2 3 1 1 3 6 1 5 2 1 5 1 1 2 6 6 1 1 1 5 3 4 1 1 6 4 1 1 4 1 3 2 2 5 1 1 1 2 6 6 3 2 1 4 4 5 3 6 1 5 4 1 1 4 3 3 2 5 2 1 1 2 1 5 2 1 4 1 6 4 2 6 2 5 3 1 4 4 2 3 2
>SKBR3
Omics profile 1 3 1 4 3 3 3 5 5 3 4 6 1 4 1 1 1 4 2 1 2 1 1 3 6 1 5 2 1 5 1 1 1 5 6 1 1 1 2 1 4 1 1 5 4 1 1 6 3 2 4 1 4 1 1 1 2 6 5 1 1 2 6 4 5 4 6 2 5 4 1 3 4 3 6 4 2 1 3 2 4 1 5 2 4 5 1 6 3 1 4 1 5 2 2 5 5 6 4 2
>SUM149PT
Omics profile 1 4 1 1 2 1 2 4 3 4 5 6 1 3 1 1 1 2 1 1 3 1 5 3 5 1 3 1 1 5 1 1 3 6 6 6 1 1 2 3 3 1 1 6 3 2 1 5 3 1 2 1 4 2 2 1 2 5 4 2 1 1 6 5 2 1 1 3 5 4 1 2 4 3 2 2 2 1 1 4 6 1 5 1 1 2 1 5 3 1 3 2 4 4 1 5 3 1 4 2
>SUM190PT
Omics profile 1 3 1 5 3 2 2 5 3 3 6 6 1 5 2 1 2 4 3 1 2 1 3 3 6 1 2 1 3 4 1 1 3 6 6 3 1 1 3 2 4 1 1 6 5 2 2 5 3 2 2 2 5 1 1 1 3 6 5 2 1 5 6 4 3 4 5 2 5 4 1 1 5 3 5 3 3 1 4 1 2 1 5 4 2 4 1 6 3 1 4 2 4 4 3 4 4 4 4 1
>SUM225CWN
Omics profile 2 3 3 5 2 3 1 4 3 4 5 6 1 4 2 1 1 6 4 3 3 1 3 3 5 2 6 3 2 5 1 1 3 6 6 2 1 1 2 3 4 1 1 6 6 2 4 4 3 4 1 2 5 1 2 1 2 6 5 3 2 4 5 4 3 3 6 1 6 4 1 2 5 4 4 3 2 2 3 3 3 3 5 3 5 2 1 6 5 1 4 1 5 5 3 5 4 5 4 3
>SUM229PE
Omics profile 1 4 1 1 2 2 3 3 3 4 5 6 1 3 1 1 1 1 1 1 2 1 1 3 5 1 4 1 1 4 1 1 4 6 6 2 1 1 4 1 3 1 1 6 4 2 1 6 3 1 2 1 5 1 3 1 2 5 5 2 1 1 6 4 1 2 2 3 6 4 1 1 4 2 4 3 2 1 1 2 6 1 5 1 2 1 1 6 4 1 4 1 4 5 1 6 4 2 4 2
>SUM52PE
Omics profile 2 4 2 1 2 4 4 5 5 6 6 6 3 4 4 3 3 3 4 2 4 1 1 4 6 3 4 2 4 5 1 1 2 6 6 1 1 1 2 4 5 1 1 6 6 3 2 6 1 2 1 2 5 1 3 2 2 6 6 4 3 3 5 4 5 3 5 1 5 5 1 3 5 3 5 3 3 3 4 3 2 2 5 3 4 5 3 6 5 2 4 4 5 4 1 4 5 4 4 3
>T47D
Omics profile 3 2 4 6 3 3 5 6 4 6 6 6 1 5 2 3 4 6 4 3 3 2 1 4 6 3 6 2 4 6 3 6 1 6 6 1 2 6 5 3 4 2 2 6 5 5 5 1 1 2 4 4 5 5 6 3 2 6 6 2 3 3 5 2 6 5 5 2 3 5 4 3 6 3 6 6 5 3 4 5 1 4 6 4 2 5 2 6 5 2 6 5 5 3 4 4 5 5 3 3
>UACC812
Omics profile 3 2 5 6 6 4 6 6 6 6 6 6 3 6 6 3 4 6 3 3 3 3 1 4 6 4 6 2 4 5 4 6 1 6 6 1 3 5 6 4 4 1 3 6 6 6 6 4 2 5 6 5 5 6 5 2 2 6 5 4 3 3 4 3 4 4 6 2 5 5 3 3 5 6 6 5 4 2 6 6 2 4 6 3 6 6 3 6 5 4 6 3 6 1 4 4 5 6 3 5
>UACC893
Omics profile 1 3 1 6 6 1 5 5 4 5 5 6 1 3 6 1 1 6 3 2 2 1 1 1 6 1 6 1 1 5 1 2 3 6 6 1 1 1 3 1 4 1 1 6 5 1 2 5 3 2 3 1 5 1 2 1 1 6 5 1 2 2 6 4 5 3 6 1 6 4 1 2 5 4 6 4 2 1 2 3 2 1 5 2 4 4 2 6 4 3 5 1 5 3 1 4 4 6 4 3
>ZR751
Omics profile 2 2 4 6 6 3 5 6 5 6 6 6 3 5 3 1 3 6 4 3 3 1 1 4 6 3 6 3 6 5 2 5 1 6 6 1 2 5 6 4 5 2 3 6 6 6 3 1 2 4 5 2 5 2 5 3 2 6 6 3 2 4 5 3 5 4 6 2 5 5 4 3 6 4 6 3 4 3 4 4 2 4 5 4 6 5 1 6 4 3 6 2 5 3 3 4 5 5 3 3
>ZR7530
Omics profile 2 3 2 6 3 3 3 5 5 6 5 6 2 6 3 3 2 6 4 4 4 1 1 3 6 3 6 3 4 5 1 2 1 6 6 1 5 1 5 3 4 2 2 6 5 2 5 1 3 4 3 2 5 2 5 1 3 6 6 3 2 5 1 3 6 4 6 1 4 5 1 1 5 4 6 3 3 3 5 4 2 2 5 4 5 4 2 6 5 2 5 4 6 2 2 3 5 6 3 4
