>10010_1
Omics profile 2 2 2 1 2 2 2 3 2 2 1 2 2 2 2 2 1 2 3 3 1 2 2 2 2 2 3 2 1 2 2
>10419_2
Omics profile 1 1 3 1 3 3 3 1 3 3 3 3 2 3 3 1 2 3 1 1 2 3 2 2 3 2 1 1 2 1 1
>10476_3
Omics profile 2 2 2 3 1 3 2 2 1 2 2 2 1 1 2 2 2 1 2 3 2 2 1 2 1 1 2 2 1 2 1
>10718_4
Omics profile 2 2 1 2 2 1 2 2 2 1 1 1 2 1 2 2 3 2 2 2 2 1 2 2 1 1 2 3 3 2 2
>10720_5
Omics profile 2 2 1 2 2 2 1 2 2 2 2 2 2 1 2 3 3 2 3 2 2 2 2 2 2 1 1 3 2 2 1
>11031_6
Omics profile 1 2 1 2 3 2 1 2 1 1 1 2 2 1 2 3 3 2 2 2 3 1 2 2 2 3 2 2 1 2 2
>11131_7
Omics profile 2 2 1 2 3 2 2 2 1 1 2 1 3 1 1 2 2 2 2 2 2 2 1 1 3 2 2 2 3 3 2
>11189_8
Omics profile 2 2 2 2 1 1 2 2 3 1 1 2 3 3 1 2 2 2 1 1 3 2 2 1 1 2 2 2 2 2 2
>11423_9
Omics profile 1 1 2 2 2 2 2 2 2 1 1 1 3 1 2 2 2 1 2 3 3 2 2 1 2 2 2 3 2 2 2
>1149_10
Omics profile 2 2 1 2 2 2 1 2 2 2 2 1 2 2 1 2 2 1 3 3 2 2 1 2 2 2 2 2 2 2 2
>11665_11
Omics profile 2 3 2 3 2 1 1 2 2 2 2 2 2 2 2 1 2 2 2 2 1 1 2 2 2 2 2 2 1 2 2
>11799_12
Omics profile 1 2 2 2 2 2 2 3 2 2 2 2 2 2 1 3 2 2 2 2 2 1 3 3 2 2 1 2 2 2 2
>11835_13
Omics profile 2 2 2 3 2 2 2 1 2 2 3 2 2 2 2 2 3 2 3 3 2 2 2 1 2 3 1 2 1 2 2
>11931_14
Omics profile 2 2 2 2 2 2 2 2 3 1 2 2 2 1 1 2 2 3 2 2 2 1 2 2 1 2 2 2 1 2 3
>12004_15
Omics profile 3 2 2 2 3 2 2 2 1 2 2 2 2 1 2 2 2 2 2 2 1 1 2 2 1 2 1 2 3 1 2
>12033_16
Omics profile 1 3 2 2 2 2 2 2 2 3 2 2 2 2 2 2 3 2 1 2 2 2 2 1 2 3 2 2 2 1 3
>12546_17
Omics profile 2 2 2 2 2 2 2 3 2 2 2 2 2 2 2 1 2 2 1 2 2 2 3 1 2 3 3 2 2 2 2
>12703_18
Omics profile 2 2 1 2 2 1 2 1 2 1 2 1 2 2 1 2 2 1 2 3 2 2 2 3 1 1 2 2 3 3 2
>12724_19
Omics profile 2 2 1 2 1 1 2 2 1 1 1 2 2 2 1 2 1 2 2 3 2 1 3 2 1 2 2 1 2 2 2
>12764_20
Omics profile 2 2 2 2 2 1 2 3 2 2 1 2 3 1 2 2 1 1 2 2 1 2 1 3 2 2 2 2 2 2 3
>12931_21
Omics profile 3 1 2 2 2 2 3 3 1 1 2 2 3 2 2 2 2 2 2 2 1 2 1 2 1 3 2 1 1 1 2
>12959_22
Omics profile 1 3 2 2 2 2 3 3 2 2 2 2 2 2 2 3 2 2 1 2 2 2 2 2 2 1 2 3 2 1 2
>12975_23
Omics profile 1 1 3 1 2 3 3 1 3 3 3 3 1 3 3 1 1 3 1 1 1 3 2 2 2 1 1 1 1 1 1
>13082_24
Omics profile 2 2 1 3 1 2 1 3 2 1 2 3 2 3 1 2 2 2 2 2 2 2 2 2 2 2 2 2 1 2 2
>13085_25
Omics profile 2 1 3 2 1 1 1 2 2 2 2 3 2 2 2 2 2 2 2 2 2 1 2 1 1 3 2 2 2 3 3
>13241_26
Omics profile 2 3 2 2 2 2 2 3 2 2 2 1 1 2 2 3 1 2 2 1 2 2 1 2 2 2 2 2 1 2 2
>1338_27
Omics profile 2 2 3 2 1 2 2 2 2 1 2 2 2 2 1 2 2 1 2 2 2 2 1 2 2 1 2 2 3 2 2
>13685_28
Omics profile 2 2 2 3 3 2 2 2 2 2 2 2 2 1 2 3 1 1 2 2 2 2 1 3 2 2 2 2 1 2 2
>13976_29
Omics profile 2 2 2 1 2 2 2 3 2 2 2 2 1 3 2 2 2 2 1 1 2 2 3 2 2 2 2 2 2 3 2
>14185_30
Omics profile 2 2 2 2 2 1 2 2 2 2 2 1 3 2 1 1 2 1 2 3 2 2 1 3 2 3 2 2 2 2 2
>14190_31
Omics profile 3 3 2 1 2 2 2 2 2 2 2 2 2 2 2 3 1 2 2 2 2 2 2 2 2 1 2 3 2 2 1
>14379_32
Omics profile 2 3 2 1 2 2 2 2 2 2 2 2 2 2 2 2 3 2 2 1 2 2 2 2 2 1 3 2 2 2 1
>14658_33
Omics profile 2 1 3 1 3 2 3 1 3 3 3 3 1 3 2 1 1 3 1 2 1 3 2 2 3 2 1 1 2 1 1
>15220_34
Omics profile 2 2 2 3 3 2 1 2 2 1 2 1 1 2 2 2 2 2 2 2 1 2 1 3 2 2 2 1 2 2 3
>15226_35
Omics profile 1 2 2 2 2 2 1 2 1 2 2 2 1 1 2 2 2 3 2 2 1 2 2 2 2 3 2 2 1 2 2
>1549_36
Omics profile 1 1 3 1 2 3 2 1 3 3 3 3 2 3 3 1 1 3 1 1 2 3 3 2 3 1 1 1 1 1 1
>15614_37
Omics profile 3 1 2 3 2 2 2 2 2 2 2 2 2 2 3 2 1 2 3 2 2 2 2 1 2 1 2 2 2 2 3
>1589_38
Omics profile 3 2 2 2 2 2 2 1 2 2 2 2 2 2 2 2 1 2 2 2 2 2 2 2 2 2 3 3 2 3 1
>16172_39
Omics profile 2 2 1 2 2 2 2 2 1 2 2 2 2 1 1 2 1 1 2 3 1 2 2 2 3 1 2 2 2 3 2
>16251_40
Omics profile 2 2 1 2 2 3 1 2 2 2 3 2 1 1 1 2 3 2 2 2 1 3 2 2 1 2 2 2 1 3 2
>1658_41
Omics profile 2 3 2 3 1 2 2 2 1 2 1 1 3 2 2 3 1 2 2 2 2 2 2 2 2 3 1 2 2 3 1
>16844_42
Omics profile 2 3 2 2 2 2 2 2 2 2 1 2 2 2 2 2 1 2 1 1 1 2 2 1 2 2 3 1 2 2 3
>17325_43
Omics profile 2 3 2 1 2 2 2 1 2 2 2 2 2 2 2 2 1 2 3 2 2 2 2 2 2 1 2 3 2 3 3
>1769_44
Omics profile 2 2 2 2 2 1 1 2 2 1 1 3 2 2 2 1 2 3 2 2 1 3 2 2 2 2 2 2 2 2 2
>1790_45
Omics profile 2 2 1 2 1 2 1 2 1 2 2 2 3 2 1 2 3 1 2 2 2 2 2 3 2 3 2 2 2 2 2
>18160_46
Omics profile 2 3 2 2 2 2 2 2 2 2 2 2 2 2 2 2 1 2 3 1 2 2 2 1 2 2 2 2 1 3 1
>18321_47
Omics profile 2 3 2 2 2 2 2 1 3 2 1 1 1 2 2 2 2 2 2 1 2 2 2 3 2 1 2 3 2 2 3
>18355_48
Omics profile 1 1 3 1 3 3 3 1 2 2 3 3 2 3 3 1 2 3 2 2 3 3 3 2 3 3 1 1 2 1 1
>18356_49
Omics profile 1 1 3 1 2 3 3 1 2 3 3 3 1 3 3 1 2 3 1 1 3 3 2 2 3 1 1 1 3 1 2
>190_50
Omics profile 2 2 2 2 1 2 2 2 2 1 2 2 2 2 2 2 3 1 2 3 2 1 2 3 1 2 1 3 2 2 2
>19015_51
Omics profile 3 3 1 2 2 2 2 2 2 2 2 2 2 2 2 2 2 2 2 2 3 2 2 1 2 1 2 3 2 3 2
>1919_52
Omics profile 1 2 2 3 2 2 2 1 2 2 2 2 1 2 2 2 1 2 2 2 2 2 2 2 2 2 3 3 1 1 2
>19365_53
Omics profile 2 3 1 3 2 1 1 2 1 2 2 2 2 2 2 2 2 2 2 2 1 1 2 1 3 2 2 1 3 2 3
>19421_54
Omics profile 2 2 2 3 3 2 2 2 2 2 2 2 1 2 2 1 2 2 2 2 2 2 2 1 2 1 3 3 2 1 2
>1978_55
Omics profile 2 2 2 2 1 2 2 2 2 2 2 2 2 2 2 3 2 2 2 1 1 2 1 2 2 2 3 2 2 2 2
>21825_56
Omics profile 3 2 2 3 2 2 2 1 2 2 2 2 1 2 2 1 2 2 3 2 2 2 2 1 2 2 3 2 2 3 2
>22603_57
Omics profile 1 2 1 2 2 2 2 3 2 1 1 2 1 1 2 2 2 1 2 3 2 2 3 2 2 2 2 2 1 2 3
>2267_58
Omics profile 2 2 2 2 1 1 2 2 2 2 1 2 2 2 1 2 2 1 2 3 3 1 3 3 1 2 2 2 2 2 2
>2419_59
Omics profile 2 1 1 2 1 2 1 2 2 2 2 2 2 2 2 2 3 2 2 3 2 2 3 2 2 3 2 2 2 2 3
>2630_60
Omics profile 3 2 2 2 1 2 2 2 3 1 2 1 2 2 2 2 2 2 2 2 1 2 2 3 2 3 1 2 1 2 2
>28144_61
Omics profile 3 2 2 2 2 2 1 2 1 3 1 3 3 1 1 2 2 1 1 2 1 2 1 2 1 2 2 2 2 2 2
>3155_62
Omics profile 2 2 2 1 1 1 2 3 1 2 2 2 2 2 2 2 3 2 3 1 2 1 3 3 2 2 2 1 2 2 3
>3789_63
Omics profile 1 1 3 1 3 3 3 1 3 3 3 3 2 3 3 1 2 3 1 2 3 3 2 2 3 1 1 1 3 1 1
>4061_64
Omics profile 1 1 2 1 2 3 3 1 3 2 3 3 1 3 3 1 2 3 1 2 2 3 2 2 3 2 1 1 2 1 1
>4271_65
Omics profile 2 2 2 2 1 2 2 2 2 1 2 2 2 2 1 2 2 1 2 2 3 1 2 2 1 2 3 1 3 2 2
>4546_66
Omics profile 3 2 1 1 2 2 1 2 1 2 2 1 3 1 1 2 2 1 2 2 3 2 3 2 2 2 2 2 2 2 2
>4648_67
Omics profile 2 2 1 2 1 1 1 2 1 1 1 1 2 2 1 2 2 2 2 3 3 1 3 3 1 2 2 2 3 2 2
>469_68
Omics profile 1 1 3 1 3 3 3 1 3 3 2 3 3 3 3 1 2 3 1 1 2 3 2 1 3 1 1 1 1 1 1
>4693_69
Omics profile 1 1 3 1 2 3 2 1 3 3 3 2 1 2 3 1 2 2 1 2 2 2 2 2 3 2 1 1 2 1 1
>4879_70
Omics profile 2 2 1 2 3 2 1 2 2 3 2 2 1 2 1 3 2 2 2 2 2 2 1 2 2 2 2 2 2 2 2
>5128_71
Omics profile 3 2 2 2 2 2 2 3 3 2 2 2 2 2 2 3 1 2 2 2 2 2 1 1 2 1 2 2 2 3 1
>5414_72
Omics profile 2 2 2 2 2 1 2 2 1 2 1 2 2 2 2 1 1 2 3 2 3 2 2 2 2 3 2 2 2 3 1
>5445_73
Omics profile 1 2 2 2 2 3 3 2 2 2 3 1 2 2 2 3 2 2 1 1 1 1 1 1 1 2 3 1 2 2 2
>5467_74
Omics profile 3 2 2 2 1 2 2 2 2 2 1 2 2 1 1 2 2 2 3 2 2 2 2 2 1 2 1 3 3 2 2
>5567_75
Omics profile 2 2 1 2 1 2 2 2 2 2 2 1 2 1 3 2 2 1 2 2 3 1 2 2 2 2 2 2 3 2 2
>5648_76
Omics profile 2 2 1 2 1 2 1 2 1 2 3 1 3 2 1 2 3 1 2 2 3 2 2 2 2 2 3 2 2 2 2
>5685_77
Omics profile 2 2 2 2 2 2 2 2 1 1 2 1 3 2 2 2 2 1 3 3 2 1 2 2 2 2 3 2 2 2 2
>6263_78
Omics profile 2 3 2 2 2 1 2 2 2 2 2 3 2 1 2 2 2 2 1 2 1 1 1 2 1 2 2 2 1 3 2
>7014_79
Omics profile 3 1 2 2 2 2 2 2 2 2 2 1 2 2 2 1 2 2 3 1 2 2 3 2 2 2 2 2 2 2 2
>7128_80
Omics profile 2 2 2 3 2 1 2 2 1 2 1 1 1 2 2 2 2 2 2 1 2 3 1 2 2 2 3 2 2 2 2
>7133_81
Omics profile 1 1 3 1 2 3 3 1 3 3 3 2 2 2 3 1 2 3 1 2 2 3 2 2 3 1 1 1 2 1 1
>7173_82
Omics profile 2 3 2 1 2 2 2 2 2 2 3 2 2 2 2 2 3 1 2 1 1 2 1 2 2 1 2 2 1 2 1
>7229_83
Omics profile 2 2 2 3 2 1 1 1 1 3 1 2 2 2 2 2 2 2 2 2 2 1 2 2 2 2 3 2 2 2 2
>7308_84
Omics profile 2 2 2 1 2 1 2 3 1 1 2 1 2 2 2 2 2 1 3 2 2 2 3 2 1 2 2 2 2 2 3
>7534_85
Omics profile 2 2 1 2 1 1 1 2 2 2 2 2 2 2 2 2 1 2 3 1 2 2 2 3 2 2 1 3 3 3 2
>764_86
Omics profile 3 2 2 2 3 2 1 2 2 2 1 2 1 1 2 2 2 2 2 2 3 2 2 1 1 2 2 2 2 2 2
>7975_87
Omics profile 3 1 2 1 2 2 2 1 2 2 2 2 2 2 2 2 3 2 2 2 2 2 1 1 2 3 2 2 3 1 2
>8267_88
Omics profile 2 2 1 2 1 2 2 2 3 2 2 2 3 2 1 2 2 2 2 2 2 1 2 1 2 2 2 2 2 2 2
>8285_89
Omics profile 2 1 2 2 2 1 2 2 2 1 2 2 2 2 2 3 2 2 1 2 1 1 1 3 2 3 2 2 2 2 2
>8382_90
Omics profile 2 2 2 2 2 2 2 3 1 2 2 2 2 2 2 3 1 2 2 2 2 2 2 1 2 2 2 3 3 2 2
>8587_91
Omics profile 1 2 1 2 2 1 1 2 2 2 2 2 3 2 1 2 2 1 2 3 2 2 2 2 2 2 2 2 2 2 2
>8740_92
Omics profile 2 3 3 3 3 2 3 2 2 1 1 1 1 1 3 2 1 2 2 2 1 2 2 1 1 2 2 2 1 1 2
>8811_93
Omics profile 2 1 2 2 1 2 2 3 3 2 3 2 1 1 2 2 3 2 2 2 2 2 1 2 1 2 2 2 2 2 3
>8912_94
Omics profile 1 1 3 1 3 3 3 1 2 3 2 3 2 3 3 1 2 3 1 2 1 3 3 3 3 2 1 1 2 1 1
>8999_95
Omics profile 2 2 2 2 2 2 2 2 2 2 2 1 2 1 2 3 2 2 2 1 2 2 3 2 1 1 3 2 1 2 2
>9015_96
Omics profile 1 1 3 2 3 3 3 1 2 3 2 2 2 3 3 1 2 3 1 2 2 3 2 2 3 2 1 1 2 1 1
>9064_97
Omics profile 2 2 2 3 2 1 2 2 2 2 1 2 1 3 2 3 1 2 3 1 2 1 1 1 2 2 2 1 2 2 2
>920_98
Omics profile 3 2 2 2 1 1 2 3 1 1 2 2 3 2 2 2 2 1 2 1 3 1 2 2 2 2 2 2 3 2 3
>9366_99
Omics profile 1 1 3 1 2 2 3 1 2 3 2 3 1 3 3 1 2 3 1 1 2 3 2 2 3 2 1 1 2 1 1
>9614_100
Omics profile 2 2 2 2 2 3 1 2 2 2 1 1 2 2 2 1 3 2 2 2 2 2 1 2 2 2 2 3 2 1 2
