>BT483_1
Omics profile 14 9 24 22 28 19 18 23 13 15 27 20 20 17 15 31 16 18 16 22 16 40 11 19 13 35 20 26 27 17 33 37 5 26 15 10 10 22 24 25 28 32 28 24 15 29 30 12 9 19 32 17 34 25 24 25 20 17 12 23 18 16 11 3 19 18 16 10 6 16 19 25 21 20 22 21 14 36 9 23 7 30 21 14 21 17 12 18 13 18 19 29 13 7 23 8 26 15 1 15
>BT549_2
Omics profile 17 29 20 13 14 13 10 18 25 8 26 15 18 25 18 20 19 9 13 16 25 21 31 3 27 26 28 16 18 16 24 24 34 22 27 29 24 21 11 10 15 26 21 22 7 16 21 28 40 20 13 20 9 19 15 20 6 14 11 17 15 15 30 24 22 12 12 33 37 1 19 17 25 23 5 10 22 18 18 16 36 28 23 16 12 14 19 9 17 17 7 32 23 30 19 32 23 15 35 19
>CAMA1_3
Omics profile 9 12 34 15 18 15 23 19 14 18 40 16 28 19 19 15 16 22 24 20 21 17 11 30 15 24 23 36 10 15 13 14 7 31 25 10 35 29 27 19 26 21 13 24 16 25 14 5 6 22 18 28 30 37 26 33 18 20 16 19 20 11 12 12 21 10 25 7 1 22 23 20 18 26 16 23 18 21 15 27 8 9 29 13 25 28 13 17 20 17 22 32 16 9 24 17 32 17 3 19
>DU4475_4
Omics profile 20 37 14 18 17 40 28 3 17 23 21 18 16 25 32 24 19 19 12 19 16 18 24 13 10 20 7 31 16 17 18 22 30 30 20 15 17 19 22 25 9 20 19 23 7 27 16 28 25 13 14 15 21 28 13 17 25 11 1 12 26 13 29 26 5 15 10 36 26 34 18 16 23 8 6 9 15 21 15 24 21 19 22 22 11 35 20 10 16 14 15 32 9 33 23 29 24 12 27 18
>HCC1143_5
Omics profile 15 37 34 12 16 25 17 14 23 21 6 18 21 26 16 19 18 13 9 10 18 20 35 22 1 23 18 23 16 3 19 17 27 16 15 40 19 20 15 31 20 25 21 12 19 21 15 28 29 24 17 16 7 17 17 24 26 8 16 25 19 12 32 27 22 26 10 30 32 24 19 13 29 24 22 20 20 9 15 11 36 25 7 13 10 28 18 18 13 14 5 14 22 30 15 33 9 11 23 28
>HCC1395_6
Omics profile 16 40 27 16 13 12 24 22 17 8 13 19 18 19 15 19 21 15 15 18 30 28 30 11 10 18 14 25 18 23 22 23 28 9 3 27 23 21 20 10 24 26 25 1 7 20 16 33 37 16 20 21 6 19 14 26 21 22 5 17 12 15 29 32 24 13 12 35 25 7 20 18 29 17 26 13 19 23 18 15 36 19 9 16 14 11 20 15 22 24 9 28 16 32 17 34 25 17 31 10
>HCC1419_7
Omics profile 29 6 18 25 25 23 16 24 18 19 15 36 10 24 27 14 37 12 24 29 40 30 9 27 21 28 17 22 32 24 19 16 7 23 22 10 25 11 17 15 16 25 11 20 18 14 13 3 9 17 16 12 18 19 21 14 34 22 16 23 26 28 1 10 20 28 19 7 8 17 30 20 15 23 15 18 21 18 26 20 9 21 13 35 19 15 13 22 15 33 17 16 32 13 19 5 20 31 12 26
>HCC1569_8
Omics profile 23 32 10 15 16 13 9 29 15 18 20 20 17 28 11 17 16 19 8 17 12 20 30 25 20 16 18 17 15 23 19 18 34 22 9 32 18 19 12 19 13 18 19 15 5 21 37 25 15 19 16 26 9 26 14 17 22 24 15 29 13 10 30 40 24 7 7 33 36 20 35 13 21 25 23 3 12 21 14 10 31 25 1 11 26 27 16 28 24 14 18 22 28 21 16 22 24 6 23 27
>HCC1806_9
Omics profile 25 33 14 13 17 9 9 10 12 16 23 16 18 7 21 40 19 10 13 15 12 19 34 7 20 18 3 15 18 23 21 21 36 6 14 31 20 22 21 19 17 15 22 12 24 20 19 27 30 8 25 16 25 19 24 20 11 17 18 9 28 22 29 23 1 19 10 29 32 32 20 18 26 15 25 27 13 26 17 15 37 23 28 13 17 16 22 18 5 16 16 14 15 28 24 35 24 11 30 26
>HCC1937_10
Omics profile 14 37 24 10 21 12 17 10 9 19 25 20 28 15 15 16 16 19 12 10 24 22 29 15 22 18 21 19 18 20 18 19 31 26 24 35 17 19 25 28 9 13 19 3 28 16 13 30 36 24 16 16 25 23 26 17 5 6 18 23 12 21 27 33 16 14 14 22 40 15 18 13 29 8 20 32 23 22 17 11 34 32 11 15 20 7 18 20 15 23 13 9 30 21 25 27 1 17 26 7
>HCC1954_11
Omics profile 24 33 17 13 19 23 9 24 1 5 20 23 20 26 16 15 14 10 25 27 21 18 36 29 31 13 24 17 19 10 16 17 37 13 25 30 16 17 19 25 7 19 17 28 24 15 14 28 28 22 16 16 22 22 19 20 18 18 26 6 32 26 40 35 20 7 13 29 25 18 16 15 11 19 11 8 9 30 12 10 21 22 14 12 15 18 21 21 15 15 23 9 18 34 12 23 27 20 32 3
>HCC202_12
Omics profile 24 20 9 27 24 16 36 31 29 27 21 17 19 26 18 14 22 23 25 40 33 14 12 19 23 11 19 18 12 35 19 15 6 11 1 17 15 16 22 3 28 25 16 19 34 15 12 22 5 18 16 10 21 10 16 14 9 21 25 25 32 20 19 9 26 30 24 30 8 13 15 22 18 28 15 28 32 18 23 13 18 15 23 20 17 7 16 37 24 21 26 13 13 20 17 20 7 29 10 17
>HCC70_13
Omics profile 15 28 13 11 11 7 9 29 9 26 24 19 16 10 12 18 18 17 18 13 24 20 29 33 25 15 23 8 37 18 20 18 36 22 10 35 19 21 13 7 27 19 21 19 26 16 15 30 30 17 19 16 22 25 22 19 12 25 23 20 12 22 34 40 25 9 24 32 26 27 20 16 17 3 5 17 17 10 15 14 15 14 23 15 23 6 18 21 21 20 24 13 1 32 14 28 28 16 31 16
>HS578T_14
Omics profile 17 31 25 19 23 25 13 14 20 5 27 11 26 7 14 20 20 10 13 21 27 24 37 9 20 18 8 16 18 10 25 23 25 18 24 30 28 22 12 10 15 16 23 26 6 23 19 29 33 15 18 21 15 19 19 22 15 11 18 15 12 16 29 28 9 13 13 32 34 7 22 16 24 9 28 12 24 16 17 20 36 14 21 18 17 17 19 1 22 17 3 32 26 30 16 35 19 15 40 21
>MCF7_15
Omics profile 24 11 25 16 29 29 16 18 20 17 14 37 16 20 25 19 12 19 19 20 20 32 9 15 16 28 19 27 19 13 35 26 8 25 26 9 17 15 23 18 33 18 14 13 22 26 22 1 6 16 24 18 15 13 30 11 21 23 18 20 28 22 9 12 19 21 24 7 10 36 32 10 30 15 22 21 15 23 12 21 7 28 24 15 17 17 17 23 40 27 25 16 14 3 31 13 34 18 5 10
>MDAMB175VII_16
Omics profile 7 15 21 36 28 28 26 20 26 21 18 22 29 18 25 34 22 27 14 1 19 15 6 23 16 10 20 13 18 22 12 32 13 19 17 7 10 11 12 30 13 9 11 16 30 9 26 20 17 28 21 10 27 15 16 24 23 15 31 24 18 35 15 17 16 17 19 14 20 17 12 9 25 25 19 32 18 20 25 21 19 37 15 24 3 16 40 16 14 5 23 8 33 18 24 19 13 22 23 29
>MDAMB231_17
Omics profile 17 32 13 25 23 24 15 24 10 9 26 18 17 28 18 19 19 12 16 14 20 18 35 23 26 20 6 11 17 3 22 19 29 18 28 31 24 21 7 16 22 15 21 30 1 22 24 28 37 9 19 21 26 17 16 19 10 13 16 15 10 14 29 30 12 11 15 34 27 20 20 16 22 15 5 8 7 23 23 20 32 13 25 13 21 18 19 15 25 16 9 18 17 40 14 33 27 12 36 25
>MDAMB361_18
Omics profile 37 1 18 25 32 17 16 10 23 28 14 15 30 16 20 11 12 22 26 16 19 13 9 15 18 24 25 14 14 16 24 20 10 18 22 7 32 25 25 18 22 6 30 21 17 34 27 15 9 26 27 20 18 15 21 40 16 19 17 21 13 29 11 3 19 23 21 5 7 15 22 33 13 29 19 15 31 12 36 23 9 24 18 35 28 20 24 23 13 19 19 26 17 8 17 12 28 16 10 20
>MDAMB453_19
Omics profile 31 7 35 22 21 19 25 1 28 36 20 19 40 15 28 17 14 32 30 17 19 14 11 23 20 12 23 26 13 27 15 13 20 22 27 13 19 17 28 23 20 11 16 18 21 13 12 22 6 29 16 26 18 16 9 15 33 34 32 25 18 10 15 19 25 24 30 7 18 20 15 17 3 18 16 18 37 22 12 10 16 9 25 21 8 24 21 26 24 23 29 19 24 15 10 17 9 14 5 16
>SKBR3_20
Omics profile 14 16 15 22 19 30 21 29 36 15 3 21 15 16 10 17 16 25 18 12 10 18 12 21 19 16 26 21 15 22 18 18 13 1 7 14 20 18 12 7 23 13 19 5 24 14 15 33 27 23 34 17 13 15 9 17 23 29 18 8 11 19 28 26 28 32 31 19 20 24 16 40 6 25 35 30 19 9 28 17 24 11 22 24 27 32 16 26 13 17 25 10 23 9 20 20 25 37 20 22
>SUM149PT_21
Omics profile 16 29 18 12 20 6 24 22 23 22 5 1 18 12 14 20 19 19 11 15 22 26 37 23 11 17 17 20 18 26 21 19 30 23 25 40 20 21 21 28 18 25 22 32 21 24 16 29 28 8 17 24 9 27 18 20 24 3 16 19 14 13 33 34 13 15 9 35 26 16 19 27 7 25 13 16 10 13 17 32 36 15 9 14 15 15 23 10 12 16 18 25 17 30 15 31 7 10 28 19
>SUM190PT_22
Omics profile 18 12 10 23 16 18 9 24 17 15 25 30 15 27 20 15 28 22 29 14 1 13 24 18 19 10 7 9 31 6 16 16 25 12 21 28 15 17 19 20 25 14 17 19 23 18 21 28 26 20 21 23 21 15 10 16 37 33 32 17 14 40 24 22 20 32 29 18 19 9 13 15 13 20 27 22 19 7 36 11 17 8 23 35 18 25 13 22 11 19 24 16 5 30 34 16 12 26 26 3
>SUM225CWN_23
Omics profile 23 18 19 20 14 21 3 10 7 19 15 28 9 16 17 12 12 34 27 36 18 15 24 20 1 20 26 27 19 35 14 15 22 29 16 21 13 15 15 25 16 10 15 24 29 13 30 20 25 32 6 20 9 14 17 13 21 28 25 30 17 33 18 23 16 23 37 5 26 19 12 22 11 21 16 18 16 24 25 19 17 22 18 24 32 9 11 13 31 8 19 7 18 40 26 17 10 28 23 22
>SUM229PE_24
Omics profile 15 30 12 10 20 14 29 9 22 24 15 26 17 1 11 19 18 8 10 22 7 18 18 23 13 16 24 14 17 15 20 19 36 23 25 28 19 21 29 14 17 27 21 26 25 23 19 34 31 9 21 15 28 16 28 19 20 7 27 18 12 16 26 30 3 17 10 32 35 16 21 15 9 11 24 24 16 13 16 22 37 19 23 12 22 6 20 18 25 15 25 13 5 33 13 40 20 18 32 17
>SUM52PE_25
Omics profile 19 17 13 5 9 27 23 20 25 24 20 18 35 15 23 34 32 13 26 16 37 12 10 24 33 26 13 15 25 32 11 10 15 15 36 8 10 15 7 27 29 21 12 22 30 16 14 31 1 16 6 20 19 12 18 21 16 18 28 30 28 19 11 15 23 21 22 3 16 25 9 28 21 14 20 16 17 24 23 18 9 13 19 19 20 26 40 18 29 22 18 25 22 17 7 14 17 17 19 24
>T47D_26
Omics profile 29 7 17 17 11 16 24 24 14 18 24 13 10 20 13 25 36 19 20 23 15 16 9 19 22 17 18 14 22 26 22 32 9 17 23 10 16 37 18 18 10 35 27 21 16 25 22 1 6 13 20 33 21 31 28 30 16 19 25 12 27 15 12 5 30 24 16 11 3 18 25 23 40 14 23 28 32 19 19 28 8 26 34 20 12 20 15 21 17 15 21 26 19 13 29 7 15 15 9 18
>UACC812_27
Omics profile 22 5 23 28 29 19 24 23 30 19 21 16 23 22 26 25 25 19 13 19 15 31 7 18 24 21 19 13 16 18 34 26 6 10 16 8 22 32 23 18 16 12 37 15 17 26 29 12 9 32 30 40 11 33 19 17 17 16 15 25 18 14 10 9 12 18 16 11 10 14 20 20 13 28 20 20 20 15 27 27 9 17 22 17 28 21 24 15 15 35 21 14 24 1 25 3 13 18 7 36
>UACC893_28
Omics profile 11 20 13 32 28 9 36 24 22 22 12 20 13 1 40 15 14 31 23 21 9 18 10 5 19 13 35 9 15 21 16 19 25 18 12 13 16 16 19 8 24 14 17 18 23 12 20 26 27 19 24 14 29 15 18 15 3 17 19 6 22 16 29 23 33 23 28 7 24 18 15 25 18 30 28 27 16 7 20 21 15 11 16 20 30 25 32 26 17 37 26 10 21 19 10 17 17 34 25 22
>ZR751_29
Omics profile 20 5 18 25 24 16 28 27 22 26 16 16 23 20 13 10 22 32 24 21 10 13 7 18 29 21 22 19 34 23 20 24 3 14 16 8 15 40 30 31 29 19 37 17 19 35 15 1 9 23 33 12 17 14 26 30 16 26 22 18 17 18 12 7 16 21 17 12 11 15 36 28 25 20 27 15 25 32 19 20 9 24 15 25 28 19 10 18 14 23 19 13 15 11 21 9 17 18 6 13
>ZR7530_30
Omics profile 15 10 13 21 11 19 15 18 27 20 16 18 16 30 17 35 20 22 25 30 24 14 10 17 29 19 25 22 21 21 13 12 7 34 17 9 40 12 23 18 13 32 28 26 19 13 27 5 16 26 15 19 28 16 24 16 28 23 32 20 17 33 1 6 24 21 19 7 9 20 12 14 15 18 23 14 18 22 29 20 10 11 15 31 26 18 24 25 23 17 19 22 37 8 15 3 16 36 9 25
