>BT483_1
Omics profile 7 4 12 12 15 10 9 12 6 7 15 10 10 8 8 17 8 9 8 11 8 20 5 10 6 19 10 14 14 9 18 20 1 14 7 4 4 11 13 13 15 18 15 13 7 16 17 5 3 10 17 9 19 13 13 13 11 8 5 12 9 8 5 20 10 9 8 4 2 8 9 14 11 10 12 11 7 20 4 12 3 16 11 6 11 9 6 9 6 9 10 16 6 2 12 3 14 7 20 7
>BT549_2
Omics profile 9 16 11 6 6 6 4 9 14 3 14 7 9 13 9 10 10 4 6 8 13 11 17 20 15 14 15 8 9 8 12 13 19 11 14 16 13 11 5 4 7 14 11 12 2 8 11 15 20 10 6 10 3 9 7 10 2 7 5 8 7 7 17 13 11 5 6 18 20 20 10 8 13 12 1 4 12 9 9 8 20 15 12 8 5 7 10 4 9 9 3 17 12 16 10 18 12 8 19 10
>CAMA1_3
Omics profile 4 5 19 8 9 7 12 9 7 9 20 8 15 10 10 7 8 12 13 10 11 9 5 16 7 13 12 20 4 7 6 6 3 17 14 4 19 16 14 10 14 11 6 12 8 13 7 1 2 11 9 15 17 20 14 18 9 10 8 10 11 5 5 6 11 4 13 2 20 12 12 10 9 14 8 12 9 11 7 15 3 4 16 6 13 15 6 9 10 8 11 18 8 3 13 9 17 8 20 10
>DU4475_4
Omics profile 11 20 6 9 9 20 15 20 8 12 11 9 8 13 18 13 10 10 5 10 8 9 12 6 4 10 2 17 8 8 9 11 17 16 10 7 9 10 12 14 4 10 10 12 3 14 8 15 13 6 7 7 11 15 6 9 13 5 20 6 14 6 16 14 1 7 4 20 14 19 9 8 12 3 2 3 7 11 7 13 11 9 12 11 5 19 10 4 8 7 8 17 4 18 12 16 13 5 15 9
>HCC1143_5
Omics profile 7 20 19 6 8 13 8 6 12 11 2 9 11 14 8 10 9 6 3 4 9 10 19 12 20 12 9 12 8 20 10 9 14 8 8 20 10 11 7 17 10 13 11 5 10 11 7 15 16 12 8 8 3 9 9 13 14 3 8 13 10 5 17 15 12 14 4 17 18 13 9 6 16 13 11 10 10 4 7 5 20 14 2 6 4 15 9 9 6 7 1 7 11 16 7 18 4 5 12 15
>HCC1395_6
Omics profile 8 20 14 8 6 5 13 11 9 3 6 9 9 10 7 10 11 7 7 9 16 15 17 5 4 9 7 13 9 12 12 12 15 4 20 15 12 11 10 4 13 14 13 20 3 11 8 18 20 8 10 11 2 10 7 14 11 12 1 9 6 7 16 17 12 6 5 19 14 2 10 9 16 8 14 6 10 12 9 7 20 10 4 8 6 5 10 8 11 13 3 15 8 18 9 19 13 8 17 4
>HCC1419_7
Omics profile 16 2 9 14 13 12 8 12 9 10 8 20 4 13 15 7 20 6 13 16 20 17 4 14 11 15 9 12 17 13 10 8 2 12 11 4 13 5 9 7 8 13 5 10 9 7 6 20 4 9 8 5 9 9 11 6 19 11 8 12 14 15 20 4 10 15 10 3 3 8 16 10 7 12 7 9 11 9 14 11 3 11 6 19 10 7 6 12 7 18 8 8 18 6 10 1 10 17 5 14
>HCC1569_8
Omics profile 12 18 4 8 8 6 4 16 7 9 10 10 8 15 5 8 8 10 3 9 6 11 17 14 10 8 9 9 7 12 9 9 19 11 3 17 9 10 5 10 6 9 10 7 1 11 20 13 7 10 8 14 4 14 7 9 11 13 7 16 6 4 16 20 13 2 3 18 20 10 19 6 11 13 12 20 5 11 7 4 17 13 20 5 14 14 8 15 13 6 9 12 15 11 8 12 12 2 12 15
>HCC1806_9
Omics profile 13 18 7 6 9 4 3 4 5 8 12 8 9 3 11 20 10 4 6 7 6 10 19 2 10 9 20 7 9 12 11 11 20 2 7 17 10 11 11 10 8 8 12 5 13 11 10 15 16 3 13 8 14 9 13 10 5 9 9 4 15 11 16 12 20 10 4 16 17 18 10 9 14 7 13 14 6 14 8 7 20 12 15 6 9 8 12 9 1 8 8 6 7 15 12 19 13 5 17 14
>HCC1937_10
Omics profile 6 20 13 4 11 5 8 4 3 9 14 10 15 7 7 8 8 10 5 4 13 11 16 7 12 9 11 10 9 11 9 10 17 14 13 19 9 10 13 15 4 6 10 20 15 8 6 16 20 12 8 8 13 12 14 8 1 2 9 12 6 11 15 18 8 7 7 11 20 8 9 6 16 3 10 18 12 12 9 5 19 17 5 7 10 3 9 10 7 12 6 4 17 11 13 14 20 9 14 2
>HCC1954_11
Omics profile 13 18 9 6 10 12 3 12 20 1 10 12 10 14 8 7 7 4 13 15 11 9 20 16 17 6 13 8 9 4 8 8 20 6 13 16 8 9 10 13 2 10 9 15 13 7 6 15 15 12 8 8 12 11 10 10 9 9 14 2 17 14 20 19 10 3 6 16 14 9 8 7 5 10 5 3 4 17 5 4 11 11 7 5 8 9 11 11 7 7 12 4 9 19 6 12 14 11 18 20
>HCC202_12
Omics profile 13 10 3 14 12 8 20 17 16 15 11 9 10 14 9 6 11 12 13 20 18 7 6 10 12 5 10 9 5 19 9 7 2 5 20 9 8 8 12 20 15 14 8 10 19 7 5 12 1 9 8 4 11 4 8 7 4 11 13 13 17 10 10 4 14 17 13 16 3 6 7 11 9 15 7 15 18 9 12 6 9 7 12 10 9 3 8 20 13 11 14 6 6 10 8 11 2 16 4 8
>HCC70_13
Omics profile 7 15 6 5 5 2 4 16 3 14 12 10 8 4 5 9 9 9 9 6 13 10 16 18 13 7 12 3 20 9 10 9 20 11 4 19 10 11 6 3 14 10 11 10 14 8 7 16 17 9 10 8 12 13 11 9 5 13 12 10 6 12 19 20 14 4 13 18 14 15 10 8 9 20 1 8 8 4 7 7 7 7 12 8 12 2 9 11 11 11 13 6 20 17 6 15 15 8 17 8
>HS578T_14
Omics profile 9 17 13 9 12 14 6 6 10 1 15 5 14 3 7 10 10 4 6 11 14 13 20 4 10 9 3 8 9 4 13 12 13 9 13 16 15 12 6 4 7 8 12 14 2 12 10 16 18 7 9 11 8 10 10 11 7 5 9 7 5 8 16 15 3 6 6 18 19 2 12 8 12 4 15 5 13 8 9 11 20 7 11 9 8 9 10 20 11 8 20 17 14 17 8 19 10 7 20 11
>MCF7_15
Omics profile 13 5 14 8 16 16 8 9 10 9 6 20 8 10 13 10 6 9 10 10 10 18 3 7 8 15 10 14 10 6 19 14 3 13 14 4 8 8 12 9 18 9 7 6 11 14 12 20 2 8 12 9 7 6 16 5 11 12 9 11 15 12 4 5 10 11 13 2 4 20 17 4 17 7 11 11 7 12 5 11 3 15 13 7 8 9 9 12 20 15 13 8 7 20 17 6 19 9 1 4
>MDAMB175VII_16
Omics profile 2 7 11 20 15 15 14 10 14 11 9 12 16 9 13 19 11 15 6 20 10 7 2 12 8 4 11 6 9 11 5 17 6 10 8 3 4 5 6 17 6 4 5 8 16 4 14 10 9 15 11 4 14 7 8 13 12 8 17 13 9 19 7 9 8 8 10 7 10 9 5 3 13 13 10 18 9 10 14 11 9 20 7 13 20 8 20 8 7 1 12 3 18 9 12 10 6 12 12 16
>MDAMB231_17
Omics profile 8 18 6 13 12 13 7 13 4 4 14 9 9 15 9 10 10 5 8 6 10 9 19 12 14 11 2 5 9 20 12 9 16 9 15 17 13 11 2 8 11 7 11 17 20 11 12 15 20 3 10 11 14 8 8 10 4 6 8 7 4 7 16 16 5 5 7 19 14 10 10 8 12 8 1 3 3 12 12 10 17 6 14 6 11 9 10 7 13 8 4 9 9 20 7 18 15 6 20 13
>MDAMB361_18
Omics profile 20 20 9 13 17 8 8 4 12 15 7 8 17 8 11 5 6 12 14 8 10 6 3 7 9 12 13 7 6 8 13 10 4 9 12 3 18 13 14 9 11 2 16 11 9 19 14 7 4 14 15 10 9 7 11 20 8 10 9 11 6 16 5 20 9 12 11 1 2 7 11 18 6 16 10 7 17 5 20 12 4 13 9 19 15 10 13 12 6 10 10 14 9 3 8 5 15 8 4 10
>MDAMB453_19
Omics profile 17 3 19 11 11 10 13 20 15 20 10 10 20 7 15 8 7 18 16 9 10 7 5 12 11 5 12 14 6 15 7 6 10 12 14 6 10 8 15 12 10 5 8 9 11 6 5 11 2 16 8 14 9 8 4 7 18 19 17 14 9 4 7 10 13 13 17 2 9 10 8 9 20 9 8 9 20 12 6 4 8 3 13 11 3 12 11 14 13 12 16 9 13 7 4 9 4 6 1 8
>SKBR3_20
Omics profile 6 8 7 12 10 17 11 16 20 8 20 11 7 8 4 8 8 13 9 5 4 9 6 11 10 8 14 11 7 12 9 9 6 20 2 7 10 9 5 3 12 6 9 1 13 7 7 18 15 12 19 9 6 7 4 8 12 16 9 3 5 10 15 14 15 18 17 10 10 12 8 20 2 13 19 16 10 3 15 9 13 5 11 13 14 17 8 14 6 9 13 4 12 4 10 10 14 20 11 11
>SUM149PT_21
Omics profile 8 16 9 5 11 2 13 12 12 11 1 20 9 6 6 10 10 10 5 7 12 14 20 12 5 9 8 10 9 14 11 10 16 12 13 20 10 11 11 15 9 13 11 17 11 12 8 16 15 3 9 13 3 15 9 10 13 20 8 9 7 6 18 19 6 7 4 19 14 8 10 14 2 14 6 8 4 6 8 18 20 7 4 7 7 8 12 4 5 8 9 13 9 17 7 17 3 4 15 10
>SUM190PT_22
Omics profile 9 5 4 12 8 9 4 13 9 7 13 16 8 15 10 7 15 11 16 6 20 6 13 9 10 4 3 4 17 2 8 8 13 5 11 15 7 8 10 11 14 7 9 9 12 9 11 15 14 10 11 12 11 7 4 8 20 18 18 9 7 20 13 12 10 17 16 9 10 3 6 7 6 10 14 11 10 2 20 5 8 3 12 19 9 13 6 12 5 10 12 8 1 17 19 8 6 14 14 20
>SUM225CWN_23
Omics profile 12 9 10 10 7 11 20 4 2 9 7 15 4 8 9 6 5 19 15 20 9 7 13 10 20 10 14 14 10 19 7 7 11 16 8 11 6 7 7 13 8 4 8 13 16 6 17 10 13 18 2 11 4 6 8 6 11 15 13 16 8 18 9 12 8 12 20 1 14 10 5 12 5 11 8 9 8 13 14 10 9 11 9 12 17 3 5 6 17 3 10 3 9 20 14 9 4 15 12 12
>SUM229PE_24
Omics profile 8 17 5 4 10 7 16 4 12 13 7 14 8 20 5 10 9 3 4 11 2 9 9 12 6 8 12 7 8 7 10 10 20 12 13 15 10 11 16 6 9 14 11 14 13 12 9 19 17 4 11 7 15 8 15 10 10 3 15 9 6 8 14 16 20 9 4 17 19 8 11 7 3 5 13 13 8 6 8 12 20 10 12 5 11 2 11 9 14 7 13 6 1 18 6 20 10 9 18 9
>SUM52PE_25
Omics profile 9 9 6 1 3 15 12 11 13 13 10 9 19 7 12 19 18 6 14 8 20 5 4 13 18 14 6 8 14 17 5 4 7 7 20 3 4 7 2 14 16 11 6 12 16 8 7 17 20 8 2 10 10 5 9 11 8 9 15 17 15 10 5 7 12 11 11 20 8 13 4 15 11 7 10 8 9 12 12 9 4 6 10 10 10 14 20 9 16 11 9 13 12 9 3 6 8 8 10 13
>T47D_26
Omics profile 16 3 8 8 5 8 12 13 7 9 13 6 4 10 6 13 20 10 10 12 7 8 3 10 12 9 9 7 11 14 12 17 4 9 12 4 8 20 9 9 4 19 14 11 8 13 11 20 2 6 11 18 11 17 15 17 8 10 13 6 15 7 5 1 16 13 8 5 20 9 14 12 20 6 12 15 18 10 10 15 3 14 19 10 5 10 7 11 9 7 11 14 9 6 16 2 7 8 4 9
>UACC812_27
Omics profile 12 1 12 15 16 10 13 12 17 10 11 8 12 11 14 13 13 10 6 10 7 17 2 9 12 11 10 6 8 9 19 14 2 4 8 3 12 17 12 9 8 5 20 7 9 14 16 5 3 18 16 20 5 18 9 9 9 8 7 13 9 6 4 4 6 9 8 5 4 7 10 11 6 15 10 10 10 7 15 14 4 8 11 8 15 11 13 7 8 19 11 7 13 20 14 20 6 9 3 20
>UACC893_28
Omics profile 5 10 6 17 15 3 20 13 12 11 5 11 6 20 20 7 7 17 12 11 4 9 4 1 10 6 19 4 7 11 8 10 14 9 6 6 8 8 10 3 13 7 9 9 12 5 10 14 15 9 12 6 16 8 9 7 20 9 10 2 12 8 16 12 18 12 15 3 13 9 7 13 9 17 15 14 8 2 10 11 7 5 8 10 16 13 18 14 9 20 14 4 11 10 4 8 8 19 13 11
>ZR751_29
Omics profile 10 1 9 13 13 8 15 14 12 14 8 8 12 10 6 4 11 18 13 11 4 6 2 9 16 11 11 10 19 12 10 13 20 7 8 3 7 20 17 17 16 10 20 9 9 19 8 20 4 12 18 5 8 6 14 16 8 14 12 9 9 9 5 3 8 11 9 6 5 7 20 15 13 10 15 7 13 17 10 11 3 12 7 14 15 10 4 9 7 12 10 6 7 5 11 4 8 9 2 6
>ZR7530_30
Omics profile 8 4 6 11 5 10 7 9 14 10 8 9 8 17 8 19 10 11 13 16 12 7 4 8 16 10 14 12 11 11 6 6 2 19 9 3 20 5 12 9 6 18 15 14 10 6 15 1 8 14 7 9 15 8 13 8 15 12 17 10 9 18 20 2 13 11 10 3 4 10 5 6 7 9 12 7 9 12 16 11 4 5 7 17 14 9 13 13 12 9 10 11 20 3 7 20 8 20 4 13
