>10010_1
Omics profile 4 3 3 2 3 3 3 5 4 4 2 4 4 3 3 4 1 3 6 5 2 3 3 4 3 3 5 4 2 3 3
>10419_2
Omics profile 1 2 5 2 6 6 6 1 5 5 6 5 3 5 5 2 3 5 1 2 3 5 3 3 5 3 2 1 4 1 2
>10476_3
Omics profile 4 4 3 5 2 5 4 3 2 3 4 3 2 2 4 4 4 2 3 6 3 3 2 3 2 2 3 4 2 3 2
>10718_4
Omics profile 4 4 2 3 3 2 3 4 3 2 2 2 4 2 3 3 5 4 4 4 4 2 4 3 2 1 3 5 5 4 4
>10720_5
Omics profile 4 4 2 3 3 3 2 4 3 3 4 3 4 2 4 5 5 4 5 4 3 3 3 3 3 2 2 5 4 4 2
>11031_6
Omics profile 2 3 2 3 6 4 2 4 2 2 2 4 3 1 4 5 5 4 3 3 5 1 3 4 3 5 3 3 2 3 3
>11131_7
Omics profile 3 3 2 4 5 3 4 3 2 2 3 2 6 2 2 3 4 3 3 4 4 4 2 1 5 4 4 4 6 5 3
>11189_8
Omics profile 3 4 3 3 1 2 4 4 5 2 2 4 5 5 2 3 3 4 2 1 5 4 4 2 2 3 4 4 4 4 3
>11423_9
Omics profile 2 2 4 3 3 4 3 3 3 2 2 1 5 2 3 3 4 2 4 5 6 4 3 2 4 4 3 5 4 4 4
>1149_10
Omics profile 4 3 2 3 4 4 2 3 3 3 3 1 4 4 1 3 4 2 5 6 3 4 2 3 4 4 3 3 4 4 3
>11665_11
Omics profile 3 5 4 6 4 1 2 3 3 4 4 3 4 4 4 2 3 4 3 3 1 1 4 3 3 4 4 4 2 3 3
>11799_12
Omics profile 2 3 3 3 3 3 3 6 3 3 3 4 3 3 2 6 4 3 3 3 4 1 5 5 4 3 2 3 3 3 3
>11835_13
Omics profile 4 3 3 5 3 3 3 2 3 3 5 3 3 3 4 3 5 3 5 6 3 3 3 2 3 6 2 4 2 4 3
>11931_14
Omics profile 3 3 4 3 4 4 3 4 5 2 3 4 4 2 2 3 3 5 3 3 3 2 4 3 1 3 3 4 1 4 5
>12004_15
Omics profile 5 3 3 3 5 3 3 4 2 4 3 3 3 2 3 4 4 3 3 4 2 2 3 3 2 4 2 4 6 2 3
>12033_16
Omics profile 2 5 3 3 4 3 3 3 3 6 3 3 3 3 3 3 6 3 2 3 3 3 3 2 3 6 4 4 3 2 6
>12546_17
Omics profile 3 3 3 3 3 3 4 6 3 3 3 3 4 3 3 2 4 3 2 3 3 3 5 2 3 5 6 4 3 4 3
>12703_18
Omics profile 3 3 2 4 3 2 3 2 3 2 3 2 4 3 2 3 4 2 4 5 4 3 4 6 2 2 3 3 5 5 4
>12724_19
Omics profile 4 3 2 4 2 2 3 4 2 2 2 4 4 3 2 3 2 3 4 5 3 2 5 4 2 4 3 2 4 4 4
>12764_20
Omics profile 3 4 3 3 3 2 3 5 3 3 2 4 6 2 4 3 1 2 3 3 2 3 2 6 4 3 4 3 4 4 5
>12931_21
Omics profile 6 2 4 4 3 3 5 6 2 2 4 3 5 4 4 3 3 3 3 3 2 4 1 3 2 5 3 2 2 2 4
>12959_22
Omics profile 2 6 4 3 3 3 5 5 4 3 4 3 3 3 4 5 3 3 2 3 3 4 3 3 3 2 3 5 3 2 3
>12975_23
Omics profile 2 2 5 2 4 6 5 2 5 5 5 6 2 5 6 2 1 6 2 2 2 6 4 4 3 2 2 1 2 1 2
>13082_24
Omics profile 3 3 1 5 2 4 2 5 4 1 3 5 3 5 2 3 4 4 3 4 3 4 3 3 4 4 3 3 1 3 3
>13085_25
Omics profile 3 2 5 3 2 1 2 4 3 3 4 5 4 4 3 3 3 4 3 3 3 2 3 1 2 5 4 4 3 5 5
>13241_26
Omics profile 4 5 4 4 3 4 3 5 3 3 3 2 2 3 3 5 2 3 4 2 3 3 2 3 3 4 3 4 2 3 3
>1338_27
Omics profile 3 3 5 4 1 3 3 3 3 1 4 4 3 4 2 3 4 1 4 4 4 3 2 4 4 2 3 3 6 4 4
>13685_28
Omics profile 3 4 3 6 5 4 4 4 3 3 3 3 3 2 3 5 2 2 3 4 4 3 2 5 3 3 3 3 2 3 4
>13976_29
Omics profile 3 4 3 2 3 3 3 5 3 3 3 3 2 6 3 3 3 3 2 2 3 3 5 3 3 4 4 3 3 5 4
>14185_30
Omics profile 4 3 3 3 3 1 4 4 4 4 3 2 6 3 2 2 4 1 3 5 4 4 1 5 3 5 4 3 3 4 4
>14190_31
Omics profile 5 5 4 2 3 3 4 3 3 4 3 3 3 3 4 5 2 4 4 3 3 4 3 3 3 2 4 5 3 3 2
>14379_32
Omics profile 3 6 4 2 4 3 4 3 3 4 3 3 3 3 4 4 5 3 3 2 3 3 3 3 3 2 5 4 3 4 2
>14658_33
Omics profile 3 1 5 1 5 4 5 1 5 6 5 6 1 6 4 2 2 5 2 3 2 5 4 4 6 3 2 1 4 1 1
>15220_34
Omics profile 4 4 4 5 5 3 2 4 4 1 4 2 2 4 3 4 3 3 3 4 1 4 2 5 4 3 3 2 3 3 5
>15226_35
Omics profile 2 3 4 4 3 3 1 4 2 3 4 4 1 2 4 4 3 5 4 4 1 4 4 3 4 6 4 3 2 3 3
>1549_36
Omics profile 2 2 5 2 3 6 4 2 5 5 6 5 3 6 5 2 2 5 2 2 3 6 5 4 5 2 2 2 2 2 2
>15614_37
Omics profile 5 2 4 6 3 3 4 4 3 3 3 3 3 3 5 3 2 4 5 3 3 3 3 2 3 2 3 4 3 3 6
>1589_38
Omics profile 5 3 4 4 3 3 4 2 3 4 3 3 3 3 4 3 2 4 4 3 3 4 3 3 4 3 6 5 3 6 2
>16172_39
Omics profile 4 4 2 4 4 3 3 3 2 4 4 3 4 2 2 4 2 1 4 5 2 4 3 3 5 1 3 4 3 5 4
>16251_40
Omics profile 3 4 2 3 4 5 2 3 3 3 5 4 1 2 2 3 5 3 3 4 2 5 4 4 2 4 3 3 2 5 3
>1658_41
Omics profile 3 5 3 5 2 4 4 3 2 3 2 1 5 4 3 5 2 4 4 3 4 3 4 3 3 5 2 3 4 5 2
>16844_42
Omics profile 3 6 4 4 3 4 4 4 3 3 2 3 4 3 3 3 2 3 1 2 2 4 3 2 4 4 6 2 3 3 5
>17325_43
Omics profile 3 5 4 2 3 4 4 2 3 4 3 3 3 4 4 3 2 4 5 3 3 4 3 3 4 2 4 6 3 6 5
>1769_44
Omics profile 3 4 4 4 4 2 1 3 3 2 1 5 3 3 4 2 3 5 4 3 1 5 3 4 4 4 4 3 3 3 4
>1790_45
Omics profile 3 3 1 3 2 3 2 3 1 4 4 4 5 4 1 4 5 1 3 4 4 4 4 5 4 5 3 3 4 3 3
>18160_46
Omics profile 4 5 3 4 4 4 3 3 4 3 3 3 3 3 4 4 2 4 5 2 3 4 3 2 4 3 4 4 2 6 2
>18321_47
Omics profile 3 5 4 3 3 3 3 2 6 3 2 2 2 3 3 4 4 4 4 2 3 3 4 5 3 2 4 5 3 3 5
>18355_48
Omics profile 1 2 5 1 5 5 5 1 4 4 5 5 4 5 5 1 3 5 3 4 5 5 5 3 5 5 1 2 4 1 1
>18356_49
Omics profile 2 2 6 1 4 5 6 2 3 5 6 5 1 5 5 1 3 6 2 1 5 5 4 4 5 1 1 2 5 2 3
>190_50
Omics profile 3 3 3 4 2 4 3 3 3 2 4 4 3 3 3 3 5 2 4 5 4 2 3 5 2 3 2 5 3 4 4
>19015_51
Omics profile 5 5 2 3 3 3 3 3 3 4 3 3 3 3 3 4 3 3 4 3 5 3 3 1 4 1 3 5 4 5 3
>1919_52
Omics profile 2 3 3 5 3 3 4 2 4 3 3 3 2 3 4 3 2 4 4 4 3 4 4 4 3 4 5 6 2 2 3
>19365_53
Omics profile 4 5 2 5 4 2 1 3 2 4 4 4 3 4 3 3 4 4 3 3 2 2 4 2 5 3 4 2 5 3 5
>19421_54
Omics profile 3 4 3 6 5 3 3 3 4 3 4 4 2 4 3 2 3 3 3 3 3 4 3 2 3 2 5 5 3 2 3
>1978_55
Omics profile 3 4 3 4 2 3 3 4 3 4 4 3 3 4 3 5 3 3 4 2 2 3 2 3 4 3 5 3 3 4 4
>21825_56
Omics profile 6 4 3 5 3 4 4 2 3 3 3 3 2 3 4 2 4 3 6 3 3 3 3 2 3 3 5 3 3 5 3
>22603_57
Omics profile 2 4 1 3 4 4 4 5 4 2 1 3 2 2 3 4 4 2 3 5 4 4 6 3 3 3 3 3 1 3 5
>2267_58
Omics profile 4 3 3 3 2 2 4 4 4 3 1 3 4 4 2 4 3 2 3 5 5 1 5 5 1 3 3 3 3 4 4
>2419_59
Omics profile 3 2 2 3 1 3 1 3 3 3 3 4 4 4 3 3 5 3 3 5 3 3 5 4 4 5 4 3 3 4 5
>2630_60
Omics profile 5 4 3 3 2 4 3 4 5 2 4 1 4 3 3 3 4 3 3 4 2 3 3 5 3 5 2 4 1 3 3
>28144_61
Omics profile 5 3 3 3 4 3 2 4 2 5 2 5 5 2 2 4 3 2 2 3 2 3 2 3 2 4 4 3 4 3 3
>3155_62
Omics profile 4 3 3 2 2 2 3 5 2 4 4 4 3 4 3 4 6 3 5 2 3 2 6 5 3 3 3 2 3 3 5
>3789_63
Omics profile 2 2 5 2 5 5 5 1 5 5 5 6 3 5 5 2 3 5 2 3 5 5 4 3 5 2 2 2 5 2 1
>4061_64
Omics profile 1 1 4 2 4 5 5 2 6 4 5 6 2 6 5 2 3 5 1 3 4 5 4 4 5 3 1 2 4 2 1
>4271_65
Omics profile 4 3 4 4 1 4 4 3 4 1 3 3 4 4 2 3 3 2 3 4 5 2 3 3 1 4 5 2 5 3 4
>4546_66
Omics profile 5 3 2 2 3 4 2 4 1 3 3 2 5 2 2 4 3 2 4 4 5 3 5 4 3 3 4 3 4 3 3
>4648_67
Omics profile 4 3 2 4 2 2 2 3 2 2 2 2 4 4 2 4 3 3 4 5 5 2 5 6 2 4 3 3 5 3 3
>469_68
Omics profile 1 2 5 2 6 5 6 2 6 5 4 5 5 5 5 1 3 5 1 2 3 6 3 1 5 1 2 2 2 2 2
>4693_69
Omics profile 2 1 6 1 4 5 4 2 6 5 6 4 2 4 5 2 3 4 1 3 3 4 3 4 6 3 1 2 4 2 2
>4879_70
Omics profile 3 3 1 4 6 4 1 3 3 5 3 3 2 4 1 6 3 3 3 3 4 3 2 3 3 4 3 3 3 3 3
>5128_71
Omics profile 5 3 3 4 3 3 3 5 5 3 3 3 3 3 4 5 2 3 4 3 3 3 2 2 4 2 4 3 3 6 2
>5414_72
Omics profile 3 4 3 3 3 2 3 3 2 3 2 3 4 3 3 2 2 3 5 3 6 4 3 4 3 5 4 3 4 5 2
>5445_73
Omics profile 2 4 4 3 4 5 5 3 4 4 5 2 3 3 4 5 4 4 2 1 1 1 2 2 2 4 6 2 3 4 3
>5467_74
Omics profile 5 3 4 4 2 4 3 4 4 3 2 3 4 1 2 3 4 3 5 3 4 4 3 4 2 3 2 5 5 3 3
>5567_75
Omics profile 3 4 1 3 1 4 4 3 4 4 3 2 3 1 5 4 3 1 3 3 6 2 4 3 4 3 4 3 5 4 4
>5648_76
Omics profile 3 4 2 4 2 3 2 3 1 4 5 2 5 3 2 4 5 2 3 3 5 3 4 3 4 3 5 4 4 3 3
>5685_77
Omics profile 4 3 4 3 3 3 3 4 2 2 4 2 5 3 4 3 3 2 5 6 3 2 3 3 3 3 5 3 3 4 3
>6263_78
Omics profile 4 6 3 4 4 2 4 3 3 4 4 5 3 2 3 4 3 4 2 4 2 2 1 4 2 4 3 3 1 5 4
>7014_79
Omics profile 6 2 3 3 3 3 3 4 3 3 3 2 4 3 3 2 4 4 6 2 4 3 6 4 3 4 3 4 3 3 4
>7128_80
Omics profile 3 4 3 5 4 2 3 4 2 3 2 2 2 3 3 4 4 3 4 2 3 5 2 3 4 3 5 4 4 4 4
>7133_81
Omics profile 2 2 6 2 4 6 6 2 5 6 5 4 3 3 6 2 3 5 2 3 4 6 3 3 6 2 2 2 3 2 2
>7173_82
Omics profile 4 5 4 2 3 4 3 3 4 4 5 4 3 3 3 4 6 2 4 2 2 3 2 4 3 2 4 3 2 4 2
>7229_83
Omics profile 3 4 4 5 4 1 2 2 1 5 2 3 4 4 4 4 3 4 3 4 4 2 4 3 4 3 5 4 3 3 3
>7308_84
Omics profile 3 3 3 2 4 2 3 6 2 2 3 2 3 3 3 3 4 2 6 4 4 3 6 4 2 3 3 3 3 4 5
>7534_85
Omics profile 3 4 2 4 2 2 2 3 4 3 3 3 3 4 3 3 1 4 5 1 4 3 3 5 4 3 2 5 5 5 4
>764_86
Omics profile 5 3 3 4 5 4 2 3 4 3 2 3 2 1 3 3 3 3 3 4 5 3 4 2 1 4 3 3 4 3 3
>7975_87
Omics profile 5 2 3 2 3 3 3 2 3 4 3 4 3 3 3 3 6 3 4 4 3 4 2 2 3 6 3 4 5 2 4
>8267_88
Omics profile 4 3 2 3 2 3 3 4 5 3 3 4 6 4 1 4 3 3 4 4 4 2 4 2 3 3 4 3 4 3 4
>8285_89
Omics profile 4 2 3 3 3 2 4 3 4 1 3 3 4 4 4 6 3 4 2 4 2 2 2 5 4 5 3 3 3 3 4
>8382_90
Omics profile 3 3 3 3 3 3 4 5 2 3 4 3 4 4 3 5 1 3 3 4 3 3 3 2 3 4 3 6 6 4 3
>8587_91
Omics profile 2 3 2 4 3 1 2 3 3 3 3 4 5 4 1 4 4 2 3 5 4 3 4 3 4 3 4 4 4 3 3
>8740_92
Omics profile 4 5 5 5 5 3 5 3 4 2 2 2 2 2 5 3 2 3 4 3 2 4 3 1 2 4 4 3 2 2 4
>8811_93
Omics profile 3 2 4 3 2 4 3 5 5 3 5 3 2 1 4 3 5 3 3 4 4 3 1 3 1 4 3 4 4 3 6
>8912_94
Omics profile 2 1 5 2 5 5 5 2 4 5 4 5 3 5 5 1 3 6 2 3 2 5 5 6 5 3 2 1 3 2 2
>8999_95
Omics profile 3 4 3 4 4 3 3 3 3 4 4 2 3 2 3 5 4 3 3 2 3 3 5 4 2 2 5 4 2 4 3
>9015_96
Omics profile 2 2 5 3 5 5 5 1 4 6 4 4 4 5 6 2 3 5 2 3 3 5 3 3 6 3 1 1 3 2 1
>9064_97
Omics profile 4 4 4 5 4 2 4 3 4 4 1 4 1 5 3 6 2 4 5 2 4 2 2 2 3 3 3 2 3 3 3
>920_98
Omics profile 6 3 3 3 2 2 3 5 1 2 3 4 5 3 3 3 4 2 3 2 6 2 4 4 3 3 3 3 5 3 6
>9366_99
Omics profile 1 1 6 1 4 4 5 2 4 5 4 5 2 5 6 1 4 6 2 1 4 5 4 4 5 3 2 2 4 1 2
>9614_100
Omics profile 4 3 3 3 3 5 2 4 4 4 1 1 3 3 4 2 5 4 3 3 4 3 1 4 3 4 3 6 4 2 4
