>BT483_1
Omics profile 7 5 12 11 14 10 9 12 7 8 14 10 10 9 8 16 8 9 8 11 8 20 6 10 7 18 10 13 14 9 17 19 3 13 8 5 5 11 12 13 14 16 14 12 8 15 15 6 5 10 16 9 17 13 12 13 10 9 6 12 9 8 6 2 10 9 8 5 3 8 10 13 11 10 11 11 7 18 5 12 4 15 11 7 11 9 6 9 7 9 10 15 7 4 12 4 13 8 1 8
>BT549_2
Omics profile 9 15 10 7 7 7 5 9 13 4 13 8 9 13 9 10 10 5 7 8 13 11 16 2 14 13 14 8 9 8 12 12 17 11 14 15 12 11 6 5 8 13 11 11 4 8 11 14 20 10 7 10 5 10 8 10 3 7 6 9 8 8 15 12 11 6 6 17 19 1 10 9 13 12 3 5 11 9 9 8 18 14 12 8 6 7 10 5 9 9 4 16 12 15 10 16 12 8 18 10
>CAMA1_3
Omics profile 5 6 17 8 9 8 12 10 7 9 20 8 14 10 10 8 8 11 12 10 11 9 6 15 8 12 12 18 5 8 7 7 4 16 13 5 18 15 14 10 13 11 7 12 8 13 7 3 3 11 9 14 15 19 13 17 9 10 8 10 10 6 6 6 11 5 13 4 1 11 12 10 9 13 8 12 9 11 8 14 4 5 15 7 13 14 7 9 10 9 11 16 8 5 12 9 16 9 2 10
>DU4475_4
Omics profile 10 19 7 9 9 20 14 2 9 12 11 9 8 13 16 12 10 10 6 10 8 9 12 7 5 10 4 16 8 9 9 11 15 15 10 8 9 10 11 13 5 10 10 12 4 14 8 14 13 7 7 8 11 14 7 9 13 6 1 6 13 7 15 13 3 8 5 18 13 17 9 8 12 4 3 5 8 11 8 12 11 10 11 11 6 18 10 5 8 7 8 16 5 17 12 15 12 6 14 9
>HCC1143_5
Omics profile 8 19 17 6 8 13 9 7 12 11 3 9 11 13 8 10 9 7 5 5 9 10 18 11 1 12 9 12 8 2 10 9 14 8 8 20 10 10 8 16 10 13 11 6 10 11 8 14 15 12 9 8 4 9 9 12 13 4 8 13 10 6 16 14 11 13 5 15 16 12 10 7 15 12 11 10 10 5 8 6 18 13 4 7 5 14 9 9 7 7 3 7 11 15 8 17 5 6 12 14
>HCC1395_6
Omics profile 8 20 14 8 7 6 12 11 9 4 7 10 9 10 8 10 11 8 8 9 15 14 15 6 5 9 7 13 9 12 11 12 14 5 2 14 12 11 10 5 12 13 13 1 4 10 8 17 19 8 10 11 3 10 7 13 11 11 3 9 6 8 15 16 12 7 6 18 13 4 10 9 15 9 13 7 10 12 9 8 18 10 5 8 7 6 10 8 11 12 5 14 8 16 9 17 13 9 16 5
>HCC1419_7
Omics profile 15 3 9 13 13 12 8 12 9 10 8 18 5 12 14 7 19 6 12 15 20 15 5 14 11 14 9 11 16 12 10 8 4 12 11 5 13 6 9 8 8 13 6 10 9 7 7 2 5 9 8 6 9 10 11 7 17 11 8 12 13 14 1 5 10 14 10 4 4 9 15 10 8 12 8 9 11 9 13 10 5 11 7 18 10 8 7 11 8 17 9 8 16 7 10 3 10 16 6 13
>HCC1569_8
Omics profile 12 16 5 8 8 7 5 15 8 9 10 10 9 14 6 9 8 10 4 9 6 10 15 13 10 8 9 9 8 12 10 9 17 11 5 16 9 10 6 10 7 9 10 8 3 11 19 13 8 10 8 13 5 13 7 9 11 12 8 15 7 5 15 20 12 4 4 17 18 10 18 7 11 13 12 2 6 11 7 5 16 13 1 6 13 14 8 14 12 7 9 11 14 11 8 11 12 3 12 14
>HCC1806_9
Omics profile 13 17 7 7 9 5 5 5 6 8 12 8 9 4 11 20 10 5 7 8 6 10 17 4 10 9 2 8 9 12 11 11 18 3 7 16 10 11 11 10 9 8 11 6 12 10 10 14 15 4 13 8 13 10 12 10 6 9 9 5 14 11 15 12 1 10 5 15 16 16 10 9 13 8 13 14 7 13 9 8 19 12 14 7 9 8 11 9 3 8 8 7 8 14 12 18 12 6 15 13
>HCC1937_10
Omics profile 7 19 12 5 11 6 9 5 5 10 13 10 14 8 8 8 8 10 6 5 12 11 15 8 11 9 11 10 9 10 9 10 16 13 12 18 9 10 13 14 5 7 10 2 14 8 7 15 18 12 8 8 13 12 13 9 3 3 9 12 6 11 14 17 8 7 7 11 20 8 9 7 15 4 10 16 12 11 9 6 17 16 6 8 10 4 9 10 8 12 7 5 15 11 13 14 1 9 13 4
>HCC1954_11
Omics profile 12 17 9 7 10 12 5 12 1 3 10 12 10 13 8 8 7 5 13 14 11 9 18 15 16 7 12 9 10 5 8 9 19 7 13 15 8 9 10 13 4 10 9 14 12 8 7 14 14 11 8 8 11 11 10 10 9 9 13 3 16 13 20 18 10 4 7 15 13 9 8 8 6 10 6 4 5 15 6 5 11 11 7 6 8 9 11 11 8 8 12 5 9 17 6 12 14 10 16 2
>HCC202_12
Omics profile 12 10 5 14 12 8 18 16 15 14 11 9 10 13 9 7 11 12 13 20 17 7 6 10 12 6 10 9 6 18 10 8 3 6 1 9 8 8 11 2 14 13 8 10 17 8 6 11 3 9 8 5 11 5 8 7 5 11 13 13 16 10 10 5 13 15 12 15 4 7 8 11 9 14 8 14 16 9 12 7 9 8 12 10 9 4 8 19 12 11 13 7 7 10 9 10 4 15 5 9
>HCC70_13
Omics profile 8 14 7 6 6 4 5 15 5 13 12 10 8 5 6 9 9 9 9 7 12 10 15 17 13 8 12 4 19 9 10 9 18 11 5 18 10 11 7 4 14 10 11 10 13 8 8 15 15 9 10 8 11 13 11 10 6 13 12 10 6 11 17 20 13 5 12 16 13 14 10 8 9 2 3 9 9 5 8 7 8 7 12 8 12 3 9 11 11 10 12 7 1 16 7 14 14 8 16 8
>HS578T_14
Omics profile 9 16 13 10 12 13 7 7 10 3 14 6 13 4 7 10 10 5 7 11 14 12 19 5 10 9 4 8 9 5 13 12 13 9 12 15 14 11 6 5 8 8 12 13 3 12 10 15 17 8 9 11 8 10 10 11 8 6 9 8 6 8 15 14 5 7 7 16 17 4 11 8 12 5 14 6 12 8 9 10 18 7 11 9 9 9 10 1 11 9 2 16 13 15 8 18 10 8 20 11
>MCF7_15
Omics profile 12 6 13 8 15 15 8 9 10 9 7 19 8 10 13 10 6 10 10 10 10 16 5 8 8 14 10 14 10 7 18 13 4 13 13 5 9 8 12 9 17 9 7 7 11 13 11 1 3 8 12 9 8 7 15 6 11 12 9 10 14 11 5 6 10 11 12 4 5 18 16 5 15 8 11 11 8 12 6 11 4 14 12 8 9 9 9 12 20 14 13 8 7 2 16 7 17 9 3 5
>MDAMB175VII_16
Omics profile 4 8 11 18 14 14 13 10 13 11 9 11 15 9 13 17 11 14 7 1 10 8 3 12 8 5 10 7 9 11 6 16 7 10 9 4 5 6 6 15 7 5 6 8 15 5 13 10 9 14 11 5 14 8 8 12 12 8 16 12 9 18 8 9 8 9 10 7 10 9 6 5 13 13 10 16 9 10 13 11 10 19 8 12 2 8 20 8 7 3 12 4 17 9 12 10 7 11 12 15
>MDAMB231_17
Omics profile 9 16 7 13 12 12 8 12 5 5 13 9 9 14 9 10 10 6 8 7 10 9 18 12 13 10 3 6 9 2 11 10 15 9 14 16 12 11 4 8 11 8 11 15 1 11 12 14 19 5 10 11 13 9 8 10 5 7 8 8 5 7 15 15 6 6 8 17 14 10 10 8 11 8 3 4 4 12 12 10 16 7 13 7 11 9 10 8 13 8 5 9 9 20 7 17 14 6 18 13
>MDAMB361_18
Omics profile 19 1 9 13 16 9 8 5 12 14 7 8 15 8 10 6 6 11 13 8 10 7 5 8 9 12 13 7 7 8 12 10 5 9 11 4 16 13 13 9 11 3 15 11 9 17 14 8 5 13 14 10 9 8 11 20 8 10 9 11 7 15 6 2 10 12 11 3 4 8 11 17 7 15 10 8 16 6 18 12 5 12 9 18 14 10 12 12 7 10 10 13 9 4 9 6 14 8 5 10
>MDAMB453_19
Omics profile 16 4 18 11 11 10 13 1 14 18 10 10 20 8 14 9 7 16 15 9 10 7 6 12 10 6 12 13 7 14 8 7 10 11 14 7 10 9 14 12 10 6 8 9 11 7 6 11 3 15 8 13 9 8 5 8 17 17 16 13 9 5 8 10 13 12 15 4 9 10 8 9 2 9 8 9 19 11 6 5 8 5 13 11 4 12 11 13 12 12 15 10 12 8 5 9 5 7 3 8
>SKBR3_20
Omics profile 7 8 8 11 10 15 11 15 18 8 2 11 8 8 5 9 8 13 9 6 5 9 6 11 10 8 13 11 8 11 9 9 7 1 4 7 10 9 6 4 12 7 10 3 12 7 8 17 14 12 17 9 7 8 5 9 12 15 9 4 6 10 14 13 14 16 16 10 10 12 8 20 3 13 18 15 10 5 14 9 12 6 11 12 14 16 8 13 7 9 13 5 12 5 10 10 13 19 10 11
>SUM149PT_21
Omics profile 8 15 9 6 10 3 12 11 12 11 3 1 9 6 7 10 10 10 6 8 11 13 19 12 6 9 9 10 9 13 11 10 15 12 13 20 10 11 11 14 9 13 11 16 11 12 8 15 14 4 9 12 5 14 9 10 12 2 8 10 7 7 17 17 7 8 5 18 13 8 10 14 4 13 7 8 5 7 9 16 18 8 5 7 8 8 12 5 6 8 9 13 9 15 8 16 4 5 14 10
>SUM190PT_22
Omics profile 9 6 5 12 8 9 5 12 9 8 13 15 8 14 10 8 14 11 15 7 1 7 12 9 10 5 4 5 16 3 8 8 13 6 11 14 8 9 10 10 13 7 9 10 12 9 11 14 13 10 11 12 11 8 5 8 19 17 16 9 7 20 12 11 10 16 15 9 10 5 7 8 7 10 14 11 10 4 18 6 9 4 12 18 9 13 7 11 6 10 12 8 3 15 17 8 6 13 13 2
>SUM225CWN_23
Omics profile 12 9 10 10 7 11 2 5 4 10 8 14 5 8 9 6 6 17 14 18 9 8 12 10 1 10 13 14 10 18 7 8 11 15 8 11 7 8 8 13 8 5 8 12 15 7 15 10 13 16 3 10 5 7 9 7 11 14 13 15 9 17 9 12 8 12 19 3 13 10 6 11 6 11 8 9 8 12 13 10 9 11 9 12 16 5 6 7 16 4 10 4 9 20 13 9 5 14 12 11
>SUM229PE_24
Omics profile 8 15 6 5 10 7 15 5 11 12 8 13 9 1 6 10 9 4 5 11 4 9 9 12 7 8 12 7 9 8 10 10 18 12 13 14 10 11 15 7 9 14 11 13 13 12 10 17 16 5 11 8 14 8 14 10 10 4 14 9 6 8 13 15 2 9 5 16 18 8 11 8 5 6 12 12 8 7 8 11 19 10 12 6 11 3 10 9 13 8 13 7 3 17 7 20 10 9 16 9
>SUM52PE_25
Omics profile 10 9 7 3 5 14 12 10 13 12 10 9 18 8 12 17 16 7 13 8 19 6 5 12 17 13 7 8 13 16 6 5 8 8 18 4 5 8 4 14 15 11 6 11 15 8 7 16 1 8 3 10 10 6 9 11 8 9 14 15 14 10 6 8 12 11 11 2 8 13 5 14 11 7 10 8 9 12 12 9 5 7 10 10 10 13 20 9 15 11 9 13 11 9 4 7 9 9 10 12
>T47D_26
Omics profile 15 4 9 9 6 8 12 12 7 9 12 7 5 10 7 13 18 10 10 12 8 8 5 10 11 9 9 7 11 13 11 16 5 9 12 5 8 19 9 9 5 18 14 11 8 13 11 1 3 7 10 17 11 16 14 15 8 10 13 6 14 8 6 3 15 12 8 6 2 9 13 12 20 7 12 14 16 10 10 14 4 13 17 10 6 10 8 11 9 8 11 13 10 7 15 4 8 8 5 9
>UACC812_27
Omics profile 11 3 12 14 15 10 12 12 15 10 11 8 12 11 13 13 13 10 7 10 8 16 4 9 12 11 10 7 8 9 17 13 3 5 8 4 11 16 12 9 8 6 19 8 9 13 15 6 5 16 15 20 6 17 10 9 9 8 8 13 9 7 5 5 6 9 8 6 5 7 10 10 7 14 10 10 10 8 14 14 5 9 11 9 14 11 12 8 8 18 11 7 12 1 13 2 7 9 4 18
>UACC893_28
Omics profile 6 10 7 16 14 5 18 12 11 11 6 10 7 1 20 8 7 16 12 11 5 9 5 3 10 7 18 5 8 11 8 10 13 9 6 7 8 8 10 4 12 7 9 9 12 6 10 13 14 10 12 7 15 8 9 8 2 9 10 3 11 8 15 12 17 12 14 4 12 9 8 13 9 15 14 14 8 4 10 11 8 6 8 10 15 13 16 13 9 19 13 5 11 10 5 9 9 17 13 11
>ZR751_29
Omics profile 10 3 9 13 12 8 14 14 11 13 8 8 12 10 7 5 11 16 12 11 5 7 4 9 15 11 11 10 17 12 10 12 2 7 8 4 8 20 15 16 15 10 19 9 10 18 8 1 5 12 17 6 9 7 13 15 8 13 11 9 9 9 6 4 8 11 9 6 6 8 18 14 13 10 14 8 13 16 10 10 5 12 8 13 14 10 5 9 7 12 10 7 8 6 11 5 9 9 3 7
>ZR7530_30
Omics profile 8 5 7 11 6 10 8 9 14 10 8 9 8 15 9 18 10 11 13 15 12 7 5 9 15 10 13 11 11 11 7 6 4 17 9 5 20 6 12 9 7 16 14 13 10 7 14 3 8 13 8 10 14 8 12 8 14 12 16 10 9 17 1 3 12 11 10 4 5 10 6 7 8 9 12 7 9 11 15 10 5 6 8 16 13 9 12 13 12 9 10 11 19 4 8 2 8 18 5 13
