>BT474_1
Omics profile 4 1 5 4 5 2 3 3 2 4 2 2 4 3 5 2 3 3 4 3 6 2 1 3 3 5 3 3 3 4 6 3 3 4 2 1 5 6 4 2 2 3 3 3 3 4 3 6 2 3 5 2 4 3 3 6 2 4 3 6 6 4 1 1 4 5 4 1 1 3 5 4 2 5 3 3 4 4 6 3 2 5 3 3 2 5 5 4 4 3 2 4 3 2 3 1 4 6 6 4
>BT483_2
Omics profile 2 1 4 4 5 3 3 4 2 2 5 3 3 3 3 6 3 3 3 4 2 6 2 3 2 6 3 4 5 3 6 6 1 5 3 2 2 3 4 4 5 6 5 4 3 5 5 2 1 3 5 3 6 4 4 4 4 3 2 4 3 3 2 6 3 3 3 2 1 3 3 4 4 3 4 4 2 6 1 4 1 5 4 2 4 3 2 3 2 3 4 5 2 1 4 1 5 3 6 3
>BT549_3
Omics profile 3 5 3 2 2 2 2 3 4 1 4 3 3 4 3 3 3 1 2 3 4 4 5 6 5 5 5 3 3 3 4 4 6 4 5 5 4 4 2 2 2 5 4 4 1 3 4 5 6 3 2 4 1 3 2 3 1 2 2 3 3 3 5 4 4 2 2 6 6 6 3 3 4 4 1 2 4 3 3 3 6 5 4 3 2 2 3 1 3 3 1 6 4 5 3 6 4 3 6 3
>CAMA1_4
Omics profile 1 2 6 3 3 3 4 3 2 3 6 3 5 3 3 3 3 4 4 3 4 3 2 5 3 4 4 6 2 2 2 2 1 6 4 2 6 5 5 3 5 4 2 4 3 4 2 1 1 4 3 5 5 6 5 6 3 3 3 3 4 2 2 2 4 2 4 1 6 4 4 3 3 4 3 4 3 4 2 5 1 1 5 2 4 5 2 3 3 3 4 6 3 1 4 3 5 3 6 3
>DU4475_5
Omics profile 3 6 2 3 3 6 5 6 3 4 4 3 3 4 6 4 3 3 2 3 3 3 4 2 2 3 1 5 3 3 3 4 5 5 4 3 3 3 4 4 1 3 3 4 1 5 3 5 4 2 2 2 4 5 2 3 4 2 6 2 5 2 5 5 1 3 2 6 4 6 3 3 4 1 1 1 2 4 3 4 4 3 4 4 2 6 3 2 3 2 3 6 1 6 4 5 4 2 5 3
>HCC1143_6
Omics profile 2 6 6 2 3 4 3 2 4 4 1 3 4 5 3 3 3 2 1 2 3 3 6 4 6 4 3 4 3 6 3 3 5 3 3 6 3 3 3 5 4 4 4 2 3 4 2 5 5 4 3 3 1 3 3 4 5 1 3 4 3 2 6 5 4 4 2 5 6 4 3 2 5 4 4 3 3 1 3 2 6 4 1 2 2 5 3 3 2 2 1 2 4 5 3 6 1 2 4 5
>HCC1395_7
Omics profile 3 6 5 3 2 2 4 4 3 1 2 3 3 3 3 3 4 3 2 3 5 5 5 2 2 3 2 4 3 4 4 4 5 1 6 5 4 4 3 2 4 5 4 6 1 4 3 6 6 3 3 4 1 3 2 4 4 4 1 3 2 3 5 6 4 2 2 6 5 1 3 3 5 3 4 2 3 4 3 2 6 3 1 3 2 2 3 3 4 4 1 5 3 6 3 6 4 3 5 2
>HCC1419_8
Omics profile 5 1 3 5 4 4 3 4 3 3 3 6 2 4 5 2 6 2 4 5 6 5 1 5 4 5 3 4 6 4 3 3 1 4 4 2 4 2 3 3 3 4 2 4 3 2 2 1 1 3 3 2 3 3 4 2 6 4 3 4 4 5 6 2 3 5 3 1 1 3 5 3 3 4 3 3 4 3 4 4 1 3 2 6 3 2 2 4 2 6 3 3 6 2 3 6 3 5 2 5
>HCC1569_9
Omics profile 4 6 2 3 3 2 1 5 2 3 3 3 3 5 2 3 3 3 1 3 2 4 5 4 3 3 3 3 3 4 3 3 6 4 1 6 3 3 2 3 2 3 3 2 1 4 6 4 3 3 3 5 1 4 2 3 4 4 3 5 2 2 5 6 4 1 1 6 6 3 6 2 4 4 4 6 2 4 2 2 5 4 6 2 5 5 3 5 4 2 3 4 5 4 3 4 4 1 4 5
>HCC1806_10
Omics profile 4 6 2 2 3 1 1 2 2 3 4 3 3 1 4 6 3 2 2 2 2 3 6 1 3 3 6 3 3 4 4 4 6 1 2 5 3 4 4 3 3 3 4 2 4 4 3 5 5 1 4 3 4 3 4 3 2 3 3 1 5 4 5 4 6 3 2 5 6 6 3 3 5 3 4 5 2 4 3 2 6 4 5 2 3 3 4 3 1 3 3 2 3 5 4 6 4 2 5 5
>HCC1937_11
Omics profile 2 6 4 2 4 2 3 2 1 3 5 4 5 3 3 3 3 3 2 2 4 4 5 2 4 3 4 3 3 3 3 3 5 4 4 6 3 3 4 5 1 2 3 6 5 3 2 5 6 4 3 3 4 4 4 3 1 1 3 4 2 4 5 6 3 2 2 4 6 3 3 2 5 1 3 6 4 4 3 2 6 6 2 2 3 1 3 3 3 4 2 1 5 4 4 5 6 3 5 1
>HCC1954_12
Omics profile 4 6 3 2 3 4 1 4 6 1 3 4 3 5 3 3 2 2 4 5 3 3 6 5 5 2 4 3 3 2 3 3 6 2 4 5 3 3 3 4 1 3 3 5 4 3 2 5 5 4 3 3 4 4 3 3 3 3 5 1 6 4 6 6 4 1 2 5 5 3 3 2 2 3 2 1 1 5 2 2 4 4 2 2 3 3 4 4 2 3 4 1 3 6 2 4 4 4 6 6
>HCC202_13
Omics profile 4 3 1 5 4 3 6 6 5 5 4 3 3 5 3 2 4 4 4 6 5 2 2 3 4 2 3 3 2 6 3 2 1 2 6 3 3 3 4 6 5 4 3 3 6 3 2 4 1 3 3 2 4 2 3 2 1 4 4 4 5 3 3 1 4 5 4 6 1 2 2 4 3 5 3 5 6 3 4 2 3 3 4 3 3 1 3 6 4 4 5 2 2 3 3 4 1 5 2 3
>HCC70_14
Omics profile 3 5 2 2 2 1 1 5 1 5 4 3 3 2 2 3 3 3 3 2 4 3 5 6 4 2 4 1 6 3 3 3 6 4 2 6 3 4 2 1 5 3 4 3 4 3 2 5 5 3 3 3 4 4 4 3 2 4 4 3 2 4 6 6 4 2 4 6 5 5 3 3 3 1 6 3 3 1 3 2 3 2 4 3 4 1 3 4 4 4 4 2 6 6 2 5 5 3 5 3
>HS578T_15
Omics profile 3 5 4 3 4 4 2 2 3 1 5 2 4 1 2 3 3 2 2 4 5 4 6 1 3 3 1 3 3 2 4 4 4 3 4 5 5 4 2 2 2 3 4 5 1 4 3 5 6 3 3 4 3 3 3 4 3 2 3 3 2 3 5 5 1 2 2 6 6 1 4 3 4 1 5 2 4 3 3 4 6 2 4 3 3 3 3 6 4 3 6 6 5 5 3 6 3 2 6 4
>MCF7_16
Omics profile 4 2 4 3 5 5 3 3 3 3 2 6 3 4 4 3 2 3 3 3 3 6 1 3 3 5 3 5 3 2 6 5 1 4 4 1 3 3 4 3 6 3 2 2 4 5 4 6 1 3 4 3 2 2 5 2 4 4 3 3 5 4 1 2 3 4 4 1 2 6 6 2 5 3 4 4 2 4 2 4 1 5 4 3 3 3 3 4 6 5 4 3 2 6 5 2 6 3 1 2
>MDAMB175VII_17
Omics profile 1 3 4 6 5 5 4 3 5 4 3 4 5 3 4 6 4 5 2 6 3 3 1 4 3 2 4 2 3 4 2 6 2 3 3 1 2 2 2 5 2 1 2 3 5 1 5 4 3 5 3 2 5 2 3 4 4 3 5 4 3 6 3 3 3 3 3 2 3 3 2 1 4 4 3 6 3 3 4 4 3 6 2 4 6 3 6 3 2 1 4 1 6 3 4 3 2 4 4 5
>MDAMB231_18
Omics profile 3 6 2 4 4 4 3 4 2 1 5 3 3 5 3 3 3 2 3 2 4 3 6 4 4 3 1 2 3 6 4 3 5 3 5 5 4 4 1 3 4 3 4 5 6 4 4 5 6 1 3 4 5 3 3 3 2 2 3 2 2 2 5 5 2 2 3 6 5 3 3 3 4 3 1 1 1 4 4 3 6 2 4 2 4 3 3 2 4 3 1 3 3 6 2 6 5 2 6 4
>MDAMB361_19
Omics profile 6 6 3 4 6 3 3 2 4 5 2 3 5 3 3 2 2 4 5 3 3 2 1 2 3 4 4 2 2 3 4 3 2 3 4 1 5 4 4 3 4 1 5 4 3 6 5 2 1 5 5 4 3 3 4 6 3 3 3 4 2 5 2 6 3 4 4 1 1 3 4 6 2 5 3 3 6 2 6 4 1 4 3 6 5 3 4 4 2 3 3 4 3 1 3 2 5 3 2 3
>MDAMB453_20
Omics profile 5 1 6 4 4 3 4 6 5 6 3 3 6 2 5 3 2 6 5 3 3 2 2 4 3 2 4 4 2 5 3 2 3 4 5 2 3 3 5 4 4 2 3 3 4 2 2 4 1 5 3 5 3 3 1 2 6 6 6 4 3 2 3 3 4 4 5 1 3 3 3 3 6 3 3 3 6 4 2 2 3 1 4 4 1 4 4 5 4 4 5 3 4 3 2 3 1 2 1 3
>SKBR3_21
Omics profile 2 3 2 4 3 6 4 5 6 3 6 4 3 3 2 3 3 4 3 2 2 3 2 4 3 3 5 4 3 4 3 3 2 6 1 2 3 3 2 1 4 2 3 1 4 2 3 6 5 4 6 3 2 2 1 3 4 5 3 1 2 3 5 4 5 6 5 3 3 4 3 6 1 4 6 5 3 1 5 3 4 2 4 4 5 5 3 5 2 3 4 2 4 1 3 3 4 6 4 4
>SUM149PT_22
Omics profile 3 5 3 2 4 1 4 4 4 4 1 6 3 2 2 3 3 3 2 2 4 5 6 4 2 3 3 3 3 5 4 3 5 4 4 6 3 4 4 5 3 4 4 6 4 4 3 5 5 1 3 4 1 5 3 3 4 6 3 3 2 2 6 6 2 3 1 6 4 3 3 5 1 4 2 3 2 2 3 6 6 2 1 2 3 3 4 2 2 3 3 4 3 5 3 5 1 2 5 3
>SUM190PT_23
Omics profile 3 2 2 4 3 3 2 4 3 2 4 5 3 5 3 3 5 4 5 2 6 2 4 3 3 1 1 1 5 1 3 3 4 2 4 5 3 3 3 4 4 2 3 3 4 3 4 5 5 3 4 4 4 2 2 3 6 6 6 3 2 6 4 4 3 6 5 3 3 1 2 3 2 3 5 4 3 1 6 2 3 1 4 6 3 4 2 4 2 3 4 3 1 5 6 3 2 4 5 6
>SUM225CWN_24
Omics profile 4 3 3 3 2 4 6 2 1 3 3 5 1 3 3 2 2 6 5 6 3 2 4 3 6 3 5 5 3 6 2 3 4 5 3 4 2 3 2 4 3 2 3 4 5 2 5 3 4 6 1 4 1 2 3 2 4 5 4 5 3 6 3 4 3 4 6 1 4 3 2 4 2 4 3 3 3 4 4 3 3 4 3 4 6 1 2 2 5 1 3 1 3 6 5 3 2 5 4 4
>SUM229PE_25
Omics profile 3 5 2 2 3 2 5 1 4 4 3 5 3 6 2 3 3 1 2 4 1 3 3 4 2 3 4 2 3 2 3 3 6 4 4 5 3 4 5 2 3 5 4 4 4 4 3 6 5 1 4 3 5 3 5 3 3 1 5 3 2 3 5 5 6 3 2 6 6 3 4 2 1 2 4 4 3 2 3 4 6 3 4 2 4 1 4 3 4 3 4 2 1 6 2 6 3 3 6 3
>SUM52PE_26
Omics profile 3 3 2 1 1 5 4 4 4 4 4 3 6 3 4 6 6 2 5 3 5 2 2 4 6 4 2 3 4 6 2 2 2 3 6 1 2 3 1 5 5 4 2 4 5 3 2 6 6 3 1 4 3 2 3 3 3 3 5 5 5 3 2 2 4 3 4 6 3 4 1 5 4 2 3 3 3 4 4 3 1 2 3 3 3 5 6 3 5 4 3 4 4 3 1 2 3 3 3 4
>T47D_27
Omics profile 5 1 3 3 2 3 4 4 2 3 4 2 2 3 2 4 6 3 3 4 2 3 1 3 4 3 3 2 4 5 4 6 1 3 4 2 3 6 3 3 2 6 5 4 3 4 4 1 1 2 4 6 4 5 5 5 3 3 4 2 5 3 2 6 5 4 3 2 6 3 4 4 6 2 4 5 6 3 3 5 1 5 6 3 2 3 3 4 3 3 4 4 3 2 5 1 2 3 1 3
>UACC812_28
Omics profile 4 1 4 5 5 3 4 4 5 3 4 3 4 4 4 4 4 3 2 3 2 6 1 3 4 4 3 2 3 3 6 5 1 2 3 1 4 5 4 3 3 2 6 3 3 5 5 2 1 6 5 6 2 6 3 3 3 3 3 4 3 2 2 1 2 3 3 2 2 2 3 4 2 5 3 4 3 2 4 5 1 3 4 3 5 3 4 3 3 6 4 2 4 6 5 6 2 3 1 6
>UACC893_29
Omics profile 2 4 2 5 5 1 6 4 4 4 2 4 2 6 6 3 2 5 4 4 1 3 2 1 3 2 6 1 3 3 3 3 4 3 2 2 3 3 3 1 4 2 3 3 4 2 3 5 5 3 4 2 5 3 3 2 6 3 3 1 4 3 6 4 6 4 5 1 4 3 2 4 3 5 5 5 3 1 3 4 3 2 3 3 5 4 6 4 3 6 5 2 4 3 2 3 3 6 4 4
>ZR751_30
Omics profile 3 1 3 4 4 3 5 5 4 4 3 3 4 4 2 2 4 6 4 4 2 2 1 3 5 3 4 3 6 4 3 4 6 2 3 1 3 6 5 6 5 3 6 3 3 6 3 6 1 4 6 2 3 2 4 5 3 4 4 3 3 3 2 1 3 4 3 2 2 2 6 5 5 3 5 2 4 5 3 4 1 4 3 5 5 3 1 3 2 4 3 2 3 2 4 2 3 3 1 2
>ZR7530_31
Omics profile 3 2 2 4 2 3 3 3 5 3 3 3 3 5 3 6 3 4 4 5 4 2 2 3 5 3 4 4 4 4 2 2 1 6 3 1 6 2 4 3 2 6 5 5 3 2 5 1 3 4 2 3 5 3 4 3 5 4 6 3 3 6 6 1 4 3 3 1 1 4 2 2 3 3 4 2 3 4 5 4 1 2 2 5 5 3 4 4 4 3 3 4 6 1 3 6 3 6 2 4
