>ENSG00000154316_1
Omics profile 7 9 5 10 8 8 15 12 13 7 12 12 8 9 12 4 9 19 16 7 8 9 12 8 10 15 11 6 10 8
>ENSG00000157827_2
Omics profile 5 15 6 19 19 20 3 16 17 19 17 10 14 16 6 8 16 1 4 8 15 6 9 15 9 4 3 10 3 5
>ENSG00000158258_3
Omics profile 12 10 17 7 17 14 9 5 7 12 9 5 7 13 13 11 7 9 18 8 9 5 10 6 7 9 12 7 9 7
>ENSG00000160180_4
Omics profile 11 7 8 9 6 8 13 8 7 5 7 14 6 10 8 18 13 13 11 11 6 12 10 5 3 9 14 16 13 11
>ENSG00000160182_5
Omics profile 14 7 9 9 8 7 13 8 9 11 10 12 6 12 15 14 12 16 11 10 10 8 7 10 5 6 15 14 12 6
>ENSG00000162415_6
Omics profile 10 7 8 20 13 6 12 7 5 6 12 8 4 13 15 14 12 9 10 15 3 9 11 7 14 8 10 5 8 10
>ENSG00000162755_7
Omics profile 9 5 12 14 9 12 8 5 5 9 5 18 5 7 8 13 8 8 13 11 12 5 2 15 12 12 12 18 14 8
>ENSG00000162976_8
Omics profile 12 9 10 2 7 11 12 15 5 5 12 16 15 7 9 10 12 5 1 15 11 12 5 5 10 12 12 12 14 9
>ENSG00000163704_9
Omics profile 7 13 7 9 12 9 9 8 6 5 1 15 5 10 10 13 5 12 14 18 12 9 4 11 13 7 15 11 11 14
>ENSG00000070731_10
Omics profile 8 4 9 12 11 4 10 9 8 10 3 14 13 3 9 11 5 14 18 8 11 8 10 12 12 9 10 11 13 10
>ENSG00000164402_11
Omics profile 14 13 20 11 3 7 8 10 12 13 10 11 12 14 7 9 13 7 10 2 3 13 8 8 10 12 11 6 8 8
>ENSG00000164919_12
Omics profile 10 8 8 9 9 10 18 10 8 10 12 9 10 6 19 11 9 8 10 11 1 15 14 13 9 7 8 10 8 9
>ENSG00000165061_13
Omics profile 10 9 14 8 11 9 5 9 9 14 10 10 8 13 8 15 9 15 20 8 9 8 5 9 18 5 12 7 12 8
>ENSG00000165475_14
Omics profile 9 13 10 13 13 10 12 14 4 8 13 13 5 4 10 9 14 8 8 8 6 14 8 1 8 10 11 1 10 15
>ENSG00000165731_15
Omics profile 8 9 10 16 8 8 14 6 11 8 8 9 6 7 13 13 9 10 14 5 7 10 9 6 12 7 13 20 7 9
>ENSG00000165863_16
Omics profile 16 10 8 12 10 10 7 9 20 8 8 7 9 10 10 17 10 6 9 9 10 8 6 10 17 13 13 8 5 18
>ENSG00000167769_17
Omics profile 8 10 8 10 9 11 19 8 10 8 7 11 9 10 6 11 10 6 7 8 10 14 6 9 16 18 13 7 11 10
>ENSG00000168350_18
Omics profile 9 5 11 10 7 8 6 10 5 10 5 12 9 5 10 14 6 11 16 13 10 11 17 4 7 10 10 16 16 11
>ENSG00000168421_19
Omics profile 8 7 12 6 5 8 12 4 7 6 13 13 9 7 10 7 8 13 15 9 6 15 14 5 13 10 7 12 12 13
>ENSG00000168589_20
Omics profile 11 8 10 10 5 9 15 9 8 5 14 20 7 11 10 1 7 8 9 6 8 7 18 11 8 12 10 11 11 15
>ENSG00000169239_21
Omics profile 8 13 11 8 9 15 20 6 6 12 11 17 12 14 10 10 10 10 10 5 11 1 9 4 19 8 8 5 5 12
>ENSG00000169347_22
Omics profile 20 11 9 9 10 14 15 10 10 11 9 7 10 12 16 8 9 7 7 9 13 7 8 9 6 8 16 9 7 7
>ENSG00000169429_23
Omics profile 6 16 6 12 18 15 5 15 17 15 18 6 15 19 5 3 18 5 6 6 19 12 12 9 5 5 4 5 4 5
>ENSG00000169891_24
Omics profile 10 2 15 7 11 6 14 13 4 8 15 10 17 5 8 12 12 8 12 11 12 9 10 12 12 10 9 3 9 9
>ENSG00000169895_25
Omics profile 7 14 8 5 1 5 11 10 10 11 16 12 13 10 8 8 13 9 10 10 6 10 1 7 17 11 12 10 15 15
>ENSG00000170500_26
Omics profile 18 13 12 10 12 9 14 8 9 9 7 6 8 9 14 5 10 12 6 8 9 5 10 8 13 9 11 7 11 10
>ENSG00000075461_27
Omics profile 10 14 12 4 9 7 9 9 2 11 12 10 12 4 10 10 3 13 12 13 9 4 13 12 7 9 10 18 11 13
>ENSG00000172264_28
Omics profile 13 8 18 16 12 13 11 9 8 10 9 9 4 8 14 7 6 7 13 11 10 5 14 7 8 7 7 5 10 11
>ENSG00000173467_29
Omics profile 14 9 5 8 8 9 16 8 9 9 10 6 19 9 10 9 9 7 7 8 9 16 10 9 13 11 8 8 17 11
>ENSG00000174483_30
Omics profile 9 8 8 9 2 12 12 12 12 10 5 18 9 5 7 11 2 8 14 11 13 3 18 8 16 13 9 11 12 11
>ENSG00000174498_31
Omics profile 17 12 7 9 10 11 10 10 11 9 8 10 10 13 18 6 11 12 8 9 11 8 7 10 6 11 17 8 10 7
>ENSG00000175356_32
Omics profile 19 12 7 11 9 12 8 9 11 10 9 8 9 12 13 16 10 10 7 9 10 8 8 10 5 16 13 10 12 6
>ENSG00000176597_33
Omics profile 3 17 4 15 14 14 4 17 18 16 19 3 18 13 4 7 15 5 10 7 15 13 11 18 8 5 3 13 2 4
>ENSG00000178988_34
Omics profile 13 11 16 15 8 5 12 11 3 13 7 6 11 9 13 10 9 9 11 1 12 6 15 12 8 9 5 9 7 17
>ENSG00000179010_35
Omics profile 8 14 13 10 8 2 11 5 7 12 13 1 5 12 13 9 14 11 14 4 13 11 8 13 18 12 8 6 8 9
>ENSG00000081041_36
Omics profile 5 15 5 8 20 14 5 16 16 18 15 9 18 15 5 4 16 4 7 7 20 14 11 14 4 5 4 7 4 5
>ENSG00000180777_37
Omics profile 5 12 18 9 10 12 13 9 10 9 8 8 10 14 9 5 12 16 10 10 10 8 7 10 5 8 11 8 8 20
>ENSG00000082175_38
Omics profile 11 11 15 10 10 11 6 10 11 10 9 8 11 11 8 6 11 13 9 9 11 9 8 11 8 19 16 8 20 6
>ENSG00000183044_39
Omics profile 12 6 14 11 8 10 9 6 11 13 10 11 7 6 12 6 4 13 14 6 11 10 8 15 4 9 12 10 15 12
>ENSG00000183317_40
Omics profile 13 5 10 13 16 5 8 10 10 14 13 2 4 5 9 15 8 9 12 4 14 10 13 7 14 9 9 4 16 9
>ENSG00000084444_41
Omics profile 14 8 13 5 10 12 8 7 9 5 4 14 14 8 17 7 11 11 10 12 9 13 8 9 15 5 8 12 15 7
>ENSG00000185261_42
Omics profile 16 13 11 10 13 13 13 9 8 7 10 13 10 8 9 5 8 3 6 7 13 7 5 14 11 18 6 7 10 16
>ENSG00000186910_43
Omics profile 14 11 7 10 11 13 6 10 11 10 9 8 11 12 7 6 11 15 8 10 11 9 8 11 6 14 19 9 19 14
>ENSG00000087274_44
Omics profile 12 11 12 12 6 1 10 8 6 2 14 10 10 13 7 8 15 11 9 3 16 10 12 13 11 11 8 9 9 13
>ENSG00000088002_45
Omics profile 8 4 8 4 10 4 9 3 12 14 12 17 13 3 11 15 1 9 11 12 11 12 15 13 15 8 9 12 10 10
>ENSG00000196208_46
Omics profile 15 8 13 14 11 10 7 11 10 8 8 8 8 12 13 5 11 17 7 7 12 9 7 12 8 13 13 6 18 7
>ENSG00000196557_47
Omics profile 15 11 7 8 8 8 7 19 10 7 7 6 8 10 11 13 12 14 6 8 8 11 15 10 7 11 15 10 8 14
>ENSG00000196636_48
Omics profile 6 14 3 14 14 17 2 13 14 15 14 11 15 15 1 10 14 8 11 17 15 14 10 17 16 1 6 13 1 3
>ENSG00000196639_49
Omics profile 5 20 3 13 15 19 5 8 15 18 14 3 15 17 3 9 19 5 3 14 14 13 13 16 1 3 5 14 5 8
>ENSG00000007402_50
Omics profile 10 10 11 7 12 8 9 10 4 12 11 9 9 8 8 14 5 13 15 12 4 10 16 5 8 7 16 10 12 13
>ENSG00000198133_51
Omics profile 16 7 9 7 9 10 8 8 13 8 8 8 10 9 12 11 10 14 8 17 9 11 3 11 3 10 15 12 17 8
>ENSG00000090539_52
Omics profile 9 10 14 8 8 11 6 13 8 8 8 5 8 11 9 5 11 10 13 9 12 12 10 8 10 17 20 7 6 10
>ENSG00000198863_53
Omics profile 17 5 15 11 4 3 9 5 13 13 11 11 11 8 8 14 13 9 9 7 5 11 5 14 10 11 6 15 9 14
>ENSG00000198944_54
Omics profile 13 10 19 14 9 10 10 13 10 12 11 5 13 10 7 8 9 8 8 8 14 8 7 8 6 16 17 8 7 8
>ENSG00000091831_55
Omics profile 12 8 13 7 9 7 11 7 12 13 10 8 11 10 15 8 8 11 5 5 9 5 9 14 9 14 10 9 13 12
>ENSG00000204276_56
Omics profile 13 10 17 9 12 13 7 9 10 9 10 7 10 11 6 12 10 20 8 9 10 8 7 10 11 15 9 8 15 8
>ENSG00000205913_57
Omics profile 10 3 9 13 13 11 17 11 6 3 9 5 6 8 11 12 5 8 17 12 12 19 11 10 8 8 9 2 8 14
>ENSG00000100219_58
Omics profile 9 7 10 6 4 11 11 12 9 3 9 11 13 6 12 8 7 10 17 15 2 17 14 4 9 10 8 9 13 12
>ENSG00000100711_59
Omics profile 6 6 8 1 8 3 8 8 9 9 13 13 12 9 9 16 8 9 16 9 8 16 13 14 14 13 8 10 11 16
>ENSG00000101850_60
Omics profile 12 9 10 6 13 9 12 15 5 12 3 13 10 8 10 12 8 11 13 4 10 9 15 9 15 6 13 3 9 10
>ENSG00000213204_61
Omics profile 9 8 10 13 10 6 13 7 14 6 16 16 6 6 14 9 5 7 9 6 7 7 9 6 14 14 9 11 9 9
>ENSG00000105388_62
Omics profile 8 8 6 7 6 8 14 5 11 11 13 10 11 8 11 18 7 15 5 10 7 20 17 8 10 8 7 8 9 17
>ENSG00000109861_63
Omics profile 6 15 6 15 16 15 1 15 15 14 20 10 17 15 5 8 15 6 8 14 17 12 9 13 6 6 5 15 6 1
>ENSG00000111912_64
Omics profile 2 12 6 13 14 16 5 20 12 17 18 5 20 14 6 9 15 2 10 13 17 11 12 15 8 3 5 12 4 3
>ENSG00000113494_65
Omics profile 10 11 11 3 11 12 10 12 1 8 10 13 13 5 10 8 6 10 13 14 7 10 8 2 12 15 6 17 8 12
>ENSG00000115616_66
Omics profile 9 6 5 8 13 7 14 4 10 7 4 15 5 7 11 9 6 12 12 16 8 16 12 9 11 12 9 12 11 11
>ENSG00000116299_67
Omics profile 8 6 13 5 5 6 10 4 5 7 7 12 12 7 12 10 8 11 15 16 5 15 19 5 11 8 8 14 9 10
>ENSG00000026652_68
Omics profile 5 17 4 18 15 18 4 17 15 11 15 15 16 16 4 7 17 3 4 10 18 9 3 16 2 6 6 4 6 4
>ENSG00000116717_69
Omics profile 3 19 1 13 16 13 4 18 16 20 13 4 13 17 5 10 14 4 9 10 13 10 13 18 8 2 5 12 6 5
>ENSG00000118242_70
Omics profile 8 1 11 17 12 4 9 10 16 8 9 7 14 4 18 9 10 8 10 12 8 5 10 8 13 9 7 9 8 10
>ENSG00000120262_71
Omics profile 10 10 12 9 10 10 15 18 10 9 8 8 10 11 16 6 10 11 8 8 10 7 6 11 5 13 10 8 18 6
>ENSG00000122735_72
Omics profile 13 9 10 8 7 9 10 7 9 7 8 11 8 8 5 5 8 17 9 20 14 8 11 8 14 12 10 13 14 7
>ENSG00000123066_73
Omics profile 11 13 9 12 15 15 8 11 13 15 6 9 9 12 15 13 11 7 2 3 4 7 6 5 11 20 7 9 13 8
>ENSG00000123191_74
Omics profile 10 12 13 4 12 9 12 13 8 4 10 14 2 5 8 13 8 15 9 13 13 10 11 6 7 7 14 15 10 9
>ENSG00000124126_75
Omics profile 11 3 8 3 11 13 8 12 13 10 6 8 3 14 11 10 3 10 8 18 7 14 8 12 10 12 10 14 14 12
>ENSG00000124507_76
Omics profile 11 5 12 5 10 7 9 2 14 16 4 14 9 6 11 16 4 8 9 15 8 11 9 12 8 14 10 14 8 7
>ENSG00000124713_77
Omics profile 7 11 9 8 10 10 11 6 7 12 5 16 9 12 8 9 4 16 19 10 5 10 8 8 9 16 10 8 13 9
>ENSG00000129295_78
Omics profile 18 9 11 11 5 12 9 11 13 11 15 9 5 8 12 10 12 6 11 5 7 4 12 7 12 10 8 4 16 11
>ENSG00000134240_79
Omics profile 5 9 8 8 8 9 13 7 9 9 6 12 8 9 6 13 12 18 6 14 9 18 13 8 12 10 14 10 10 15
>ENSG00000134830_80
Omics profile 12 8 14 12 6 8 10 5 8 6 5 7 7 10 11 11 10 12 5 9 16 6 10 11 9 14 14 11 10 10
>ENSG00000134871_81
Omics profile 4 18 4 11 18 18 5 16 19 17 11 9 8 18 4 10 16 5 8 12 18 9 9 19 5 4 5 8 5 5
>ENSG00000135097_82
Omics profile 15 14 5 10 13 10 11 13 12 16 11 8 7 7 14 19 7 12 5 6 8 4 11 10 7 13 9 6 12 6
>ENSG00000135392_83
Omics profile 11 12 15 11 4 5 7 1 14 6 7 12 12 11 12 8 13 9 13 11 5 12 9 12 10 17 11 8 8 8
>ENSG00000135773_84
Omics profile 7 8 7 11 7 8 18 6 7 8 6 10 8 9 8 12 7 18 11 12 7 18 12 6 10 10 9 10 13 16
>ENSG00000136883_85
Omics profile 11 6 13 6 5 7 10 13 9 10 8 9 12 9 9 2 11 14 4 14 8 9 16 11 10 6 14 15 14 13
>ENSG00000055163_86
Omics profile 9 7 14 18 14 6 8 14 8 4 9 4 3 9 9 8 9 10 12 16 8 13 5 3 13 10 11 13 10 9
>ENSG00000139219_87
Omics profile 6 10 7 10 9 10 7 8 11 9 11 8 9 10 9 20 10 12 11 8 12 7 6 10 20 8 12 16 5 12
>ENSG00000141232_88
Omics profile 9 5 9 5 9 8 11 14 9 10 11 19 11 1 12 8 8 12 13 13 5 11 7 9 9 11 8 13 9 13
>ENSG00000141376_89
Omics profile 7 9 10 8 7 11 8 12 3 8 8 12 11 11 20 7 13 7 12 7 6 6 16 13 15 9 8 9 7 12
>ENSG00000141977_90
Omics profile 9 9 9 7 7 12 17 7 8 12 8 11 10 9 14 3 8 10 12 9 8 10 4 8 11 8 18 19 12 9
>ENSG00000143412_91
Omics profile 10 4 11 8 3 5 9 9 8 7 12 13 12 2 13 12 5 10 15 13 9 12 10 13 9 11 11 13 10 10
>ENSG00000144218_92
Omics profile 15 16 16 16 7 14 8 11 7 5 5 7 7 16 8 4 9 13 10 5 13 8 4 7 13 13 7 5 7 11
>ENSG00000144711_93
Omics profile 7 12 8 5 11 8 16 14 8 15 9 7 1 13 7 17 9 9 12 12 9 3 9 3 11 10 12 11 8 19
>ENSG00000145431_94
Omics profile 4 15 5 17 15 16 7 11 14 11 17 10 16 15 2 9 20 4 8 5 15 15 20 17 9 7 1 10 6 4
>ENSG00000146038_95
Omics profile 12 10 12 12 8 9 10 8 12 13 6 9 7 8 16 12 7 9 5 10 8 17 13 7 4 15 13 5 11 8
>ENSG00000146112_96
Omics profile 4 16 9 15 17 17 3 11 18 14 12 10 14 18 7 10 17 6 9 10 16 8 9 20 7 4 2 9 5 2
>ENSG00000146476_97
Omics profile 13 12 16 12 5 13 10 12 12 1 14 4 14 10 17 7 14 14 5 13 4 6 5 10 9 8 7 9 9 8
>ENSG00000064787_98
Omics profile 8 8 9 6 6 9 16 3 6 9 10 15 8 8 9 11 6 8 7 19 5 13 14 9 9 8 9 17 9 18
>ENSG00000148841_99
Omics profile 1 18 2 14 12 16 6 12 15 13 16 5 16 20 3 12 18 5 3 10 14 13 12 16 10 5 4 13 3 5
>ENSG00000151303_100
Omics profile 8 10 10 9 14 5 13 14 13 4 2 9 8 11 5 15 13 10 8 11 10 2 11 9 12 9 18 11 7 13
