>ENSG00000154316_1
Omics profile 4 5 3 5 4 4 8 6 7 4 6 6 4 5 6 2 5 10 8 4 4 5 6 4 5 8 6 3 5 4
>ENSG00000157827_2
Omics profile 3 8 3 10 10 10 2 8 9 10 9 5 7 8 3 4 8 1 2 4 8 3 5 8 5 2 2 5 2 3
>ENSG00000158258_3
Omics profile 6 5 9 4 9 7 5 3 4 6 5 3 4 7 7 6 4 5 9 4 5 3 5 3 4 5 6 4 5 4
>ENSG00000160180_4
Omics profile 6 4 4 5 3 4 7 4 4 3 4 7 3 5 4 9 7 7 6 6 3 6 5 3 2 5 7 8 7 6
>ENSG00000160182_5
Omics profile 7 4 5 5 4 4 7 4 5 6 5 6 3 6 8 7 6 8 6 5 5 4 4 5 3 3 8 7 6 3
>ENSG00000162415_6
Omics profile 5 4 4 10 7 3 6 4 3 3 6 4 2 7 8 7 6 5 5 8 2 5 6 4 7 4 5 3 4 5
>ENSG00000162755_7
Omics profile 5 3 6 7 5 6 4 3 3 5 3 9 3 4 4 7 4 4 7 6 6 3 1 8 6 6 6 9 7 4
>ENSG00000162976_8
Omics profile 6 5 5 1 4 6 6 8 3 3 6 8 8 4 5 5 6 3 1 8 6 6 3 3 5 6 6 6 7 5
>ENSG00000163704_9
Omics profile 4 7 4 5 6 5 5 4 3 3 1 8 3 5 5 7 3 6 7 9 6 5 2 6 7 4 8 6 6 7
>ENSG00000070731_10
Omics profile 4 2 5 6 6 2 5 5 4 5 2 7 7 2 5 6 3 7 9 4 6 4 5 6 6 5 5 6 7 5
>ENSG00000164402_11
Omics profile 7 7 10 6 2 4 4 5 6 7 5 6 6 7 4 5 7 4 5 1 2 7 4 4 5 6 6 3 4 4
>ENSG00000164919_12
Omics profile 5 4 4 5 5 5 9 5 4 5 6 5 5 3 10 6 5 4 5 6 1 8 7 7 5 4 4 5 4 5
>ENSG00000165061_13
Omics profile 5 5 7 4 6 5 3 5 5 7 5 5 4 7 4 8 5 8 10 4 5 4 3 5 9 3 6 4 6 4
>ENSG00000165475_14
Omics profile 5 7 5 7 7 5 6 7 2 4 7 7 3 2 5 5 7 4 4 4 3 7 4 1 4 5 6 1 5 8
>ENSG00000165731_15
Omics profile 4 5 5 8 4 4 7 3 6 4 4 5 3 4 7 7 5 5 7 3 4 5 5 3 6 4 7 10 4 5
>ENSG00000165863_16
Omics profile 8 5 4 6 5 5 4 5 10 4 4 4 5 5 5 9 5 3 5 5 5 4 3 5 9 7 7 4 3 9
>ENSG00000167769_17
Omics profile 4 5 4 5 5 6 10 4 5 4 4 6 5 5 3 6 5 3 4 4 5 7 3 5 8 9 7 4 6 5
>ENSG00000168350_18
Omics profile 5 3 6 5 4 4 3 5 3 5 3 6 5 3 5 7 3 6 8 7 5 6 9 2 4 5 5 8 8 6
>ENSG00000168421_19
Omics profile 4 4 6 3 3 4 6 2 4 3 7 7 5 4 5 4 4 7 8 5 3 8 7 3 7 5 4 6 6 7
>ENSG00000168589_20
Omics profile 6 4 5 5 3 5 8 5 4 3 7 10 4 6 5 1 4 4 5 3 4 4 9 6 4 6 5 6 6 8
>ENSG00000169239_21
Omics profile 4 7 6 4 5 8 10 3 3 6 6 9 6 7 5 5 5 5 5 3 6 1 5 2 10 4 4 3 3 6
>ENSG00000169347_22
Omics profile 10 6 5 5 5 7 8 5 5 6 5 4 5 6 8 4 5 4 4 5 7 4 4 5 3 4 8 5 4 4
>ENSG00000169429_23
Omics profile 3 8 3 6 9 8 3 8 9 8 9 3 8 10 3 2 9 3 3 3 10 6 6 5 3 3 2 3 2 3
>ENSG00000169891_24
Omics profile 5 1 8 4 6 3 7 7 2 4 8 5 9 3 4 6 6 4 6 6 6 5 5 6 6 5 5 2 5 5
>ENSG00000169895_25
Omics profile 4 7 4 3 1 3 6 5 5 6 8 6 7 5 4 4 7 5 5 5 3 5 1 4 9 6 6 5 8 8
>ENSG00000170500_26
Omics profile 9 7 6 5 6 5 7 4 5 5 4 3 4 5 7 3 5 6 3 4 5 3 5 4 7 5 6 4 6 5
>ENSG00000075461_27
Omics profile 5 7 6 2 5 4 5 5 1 6 6 5 6 2 5 5 2 7 6 7 5 2 7 6 4 5 5 9 6 7
>ENSG00000172264_28
Omics profile 7 4 9 8 6 7 6 5 4 5 5 5 2 4 7 4 3 4 7 6 5 3 7 4 4 4 4 3 5 6
>ENSG00000173467_29
Omics profile 7 5 3 4 4 5 8 4 5 5 5 3 10 5 5 5 5 4 4 4 5 8 5 5 7 6 4 4 9 6
>ENSG00000174483_30
Omics profile 5 4 4 5 1 6 6 6 6 5 3 9 5 3 4 6 1 4 7 6 7 2 9 4 8 7 5 6 6 6
>ENSG00000174498_31
Omics profile 9 6 4 5 5 6 5 5 6 5 4 5 5 7 9 3 6 6 4 5 6 4 4 5 3 6 9 4 5 4
>ENSG00000175356_32
Omics profile 10 6 4 6 5 6 4 5 6 5 5 4 5 6 7 8 5 5 4 5 5 4 4 5 3 8 7 5 6 3
>ENSG00000176597_33
Omics profile 2 9 2 8 7 7 2 9 9 8 10 2 9 7 2 4 8 3 5 4 8 7 6 9 4 3 2 7 1 2
>ENSG00000178988_34
Omics profile 7 6 8 8 4 3 6 6 2 7 4 3 6 5 7 5 5 5 6 1 6 3 8 6 4 5 3 5 4 9
>ENSG00000179010_35
Omics profile 4 7 7 5 4 1 6 3 4 6 7 1 3 6 7 5 7 6 7 2 7 6 4 7 9 6 4 3 4 5
>ENSG00000081041_36
Omics profile 3 8 3 4 10 7 3 8 8 9 8 5 9 8 3 2 8 2 4 4 10 7 6 7 2 3 2 4 2 3
>ENSG00000180777_37
Omics profile 3 6 9 5 5 6 7 5 5 5 4 4 5 7 5 3 6 8 5 5 5 4 4 5 3 4 6 4 4 10
>ENSG00000082175_38
Omics profile 6 6 8 5 5 6 3 5 6 5 5 4 6 6 4 3 6 7 5 5 6 5 4 6 4 10 8 4 10 3
>ENSG00000183044_39
Omics profile 6 3 7 6 4 5 5 3 6 7 5 6 4 3 6 3 2 7 7 3 6 5 4 8 2 5 6 5 8 6
>ENSG00000183317_40
Omics profile 7 3 5 7 8 3 4 5 5 7 7 1 2 3 5 8 4 5 6 2 7 5 7 4 7 5 5 2 8 5
>ENSG00000084444_41
Omics profile 7 4 7 3 5 6 4 4 5 3 2 7 7 4 9 4 6 6 5 6 5 7 4 5 8 3 4 6 8 4
>ENSG00000185261_42
Omics profile 8 7 6 5 7 7 7 5 4 4 5 7 5 4 5 3 4 2 3 4 7 4 3 7 6 9 3 4 5 8
>ENSG00000186910_43
Omics profile 7 6 4 5 6 7 3 5 6 5 5 4 6 6 4 3 6 8 4 5 6 5 4 6 3 7 10 5 10 7
>ENSG00000087274_44
Omics profile 6 6 6 6 3 1 5 4 3 1 7 5 5 7 4 4 8 6 5 2 8 5 6 7 6 6 4 5 5 7
>ENSG00000088002_45
Omics profile 4 2 4 2 5 2 5 2 6 7 6 9 7 2 6 8 1 5 6 6 6 6 8 7 8 4 5 6 5 5
>ENSG00000196208_46
Omics profile 8 4 7 7 6 5 4 6 5 4 4 4 4 6 7 3 6 9 4 4 6 5 4 6 4 7 7 3 9 4
>ENSG00000196557_47
Omics profile 8 6 4 4 4 4 4 10 5 4 4 3 4 5 6 7 6 7 3 4 4 6 8 5 4 6 8 5 4 7
>ENSG00000196636_48
Omics profile 3 7 2 7 7 9 1 7 7 8 7 6 8 8 1 5 7 4 6 9 8 7 5 9 8 1 3 7 1 2
>ENSG00000196639_49
Omics profile 3 10 2 7 8 10 3 4 8 9 7 2 8 9 2 5 10 3 2 7 7 7 7 8 1 2 3 7 3 4
>ENSG00000007402_50
Omics profile 5 5 6 4 6 4 5 5 2 6 6 5 5 4 4 7 3 7 8 6 2 5 8 3 4 4 8 5 6 7
>ENSG00000198133_51
Omics profile 8 4 5 4 5 5 4 4 7 4 4 4 5 5 6 6 5 7 4 9 5 6 2 6 2 5 8 6 9 4
>ENSG00000090539_52
Omics profile 5 5 7 4 4 6 3 7 4 4 4 3 4 6 5 3 6 5 7 5 6 6 5 4 5 9 10 4 3 5
>ENSG00000198863_53
Omics profile 9 3 8 6 2 2 5 3 7 7 6 6 6 4 4 7 7 5 5 4 3 6 3 7 5 6 3 8 5 7
>ENSG00000198944_54
Omics profile 7 5 10 7 5 5 5 7 5 6 6 3 7 5 4 4 5 4 4 4 7 4 4 4 3 8 9 4 4 4
>ENSG00000091831_55
Omics profile 6 4 7 4 5 4 6 4 6 7 5 4 6 5 8 4 4 6 3 3 5 3 5 7 5 7 5 5 7 6
>ENSG00000204276_56
Omics profile 7 5 9 5 6 7 4 5 5 5 5 4 5 6 3 6 5 10 4 5 5 4 4 5 6 8 5 4 8 4
>ENSG00000205913_57
Omics profile 5 2 5 7 7 6 9 6 3 2 5 3 3 4 6 6 3 4 9 6 6 10 6 5 4 4 5 1 4 7
>ENSG00000100219_58
Omics profile 5 4 5 3 2 6 6 6 5 2 5 6 7 3 6 4 4 5 9 8 1 9 7 2 5 5 4 5 7 6
>ENSG00000100711_59
Omics profile 3 3 4 1 4 2 4 4 5 5 7 7 6 5 5 8 4 5 8 5 4 8 7 7 7 7 4 5 6 8
>ENSG00000101850_60
Omics profile 6 5 5 3 7 5 6 8 3 6 2 7 5 4 5 6 4 6 7 2 5 5 8 5 8 3 7 2 5 5
>ENSG00000213204_61
Omics profile 5 4 5 7 5 3 7 4 7 3 8 8 3 3 7 5 3 4 5 3 4 4 5 3 7 7 5 6 5 5
>ENSG00000105388_62
Omics profile 4 4 3 4 3 4 7 3 6 6 7 5 6 4 6 9 4 8 3 5 4 10 9 4 5 4 4 4 5 9
>ENSG00000109861_63
Omics profile 3 8 3 8 8 8 1 8 8 7 10 5 9 8 3 4 8 3 4 7 9 6 5 7 3 3 3 8 3 1
>ENSG00000111912_64
Omics profile 1 6 3 7 7 8 3 10 6 9 9 3 10 7 3 5 8 1 5 7 9 6 6 8 4 2 3 6 2 2
>ENSG00000113494_65
Omics profile 5 6 6 2 6 6 5 6 1 4 5 7 7 3 5 4 3 5 7 7 4 5 4 1 6 8 3 9 4 6
>ENSG00000115616_66
Omics profile 5 3 3 4 7 4 7 2 5 4 2 8 3 4 6 5 3 6 6 8 4 8 6 5 6 6 5 6 6 6
>ENSG00000116299_67
Omics profile 4 3 7 3 3 3 5 2 3 4 4 6 6 4 6 5 4 6 8 8 3 8 10 3 6 4 4 7 5 5
>ENSG00000026652_68
Omics profile 3 9 2 9 8 9 2 9 8 6 8 8 8 8 2 4 9 2 2 5 9 5 2 8 1 3 3 2 3 2
>ENSG00000116717_69
Omics profile 2 10 1 7 8 7 2 9 8 10 7 2 7 9 3 5 7 2 5 5 7 5 7 9 4 1 3 6 3 3
>ENSG00000118242_70
Omics profile 4 1 6 9 6 2 5 5 8 4 5 4 7 2 9 5 5 4 5 6 4 3 5 4 7 5 4 5 4 5
>ENSG00000120262_71
Omics profile 5 5 6 5 5 5 8 9 5 5 4 4 5 6 8 3 5 6 4 4 5 4 3 6 3 7 5 4 9 3
>ENSG00000122735_72
Omics profile 7 5 5 4 4 5 5 4 5 4 4 6 4 4 3 3 4 9 5 10 7 4 6 4 7 6 5 7 7 4
>ENSG00000123066_73
Omics profile 6 7 5 6 8 8 4 6 7 8 3 5 5 6 8 7 6 4 1 2 2 4 3 3 6 10 4 5 7 4
>ENSG00000123191_74
Omics profile 5 6 7 2 6 5 6 7 4 2 5 7 1 3 4 7 4 8 5 7 7 5 6 3 4 4 7 8 5 5
>ENSG00000124126_75
Omics profile 6 2 4 2 6 7 4 6 7 5 3 4 2 7 6 5 2 5 4 9 4 7 4 6 5 6 5 7 7 6
>ENSG00000124507_76
Omics profile 6 3 6 3 5 4 5 1 7 8 2 7 5 3 6 8 2 4 5 8 4 6 5 6 4 7 5 7 4 4
>ENSG00000124713_77
Omics profile 4 6 5 4 5 5 6 3 4 6 3 8 5 6 4 5 2 8 10 5 3 5 4 4 5 8 5 4 7 5
>ENSG00000129295_78
Omics profile 9 5 6 6 3 6 5 6 7 6 8 5 3 4 6 5 6 3 6 3 4 2 6 4 6 5 4 2 8 6
>ENSG00000134240_79
Omics profile 3 5 4 4 4 5 7 4 5 5 3 6 4 5 3 7 6 9 3 7 5 9 7 4 6 5 7 5 5 8
>ENSG00000134830_80
Omics profile 6 4 7 6 3 4 5 3 4 3 3 4 4 5 6 6 5 6 3 5 8 3 5 6 5 7 7 6 5 5
>ENSG00000134871_81
Omics profile 2 9 2 6 9 9 3 8 10 9 6 5 4 9 2 5 8 3 4 6 9 5 5 10 3 2 3 4 3 3
>ENSG00000135097_82
Omics profile 8 7 3 5 7 5 6 7 6 8 6 4 4 4 7 10 4 6 3 3 4 2 6 5 4 7 5 3 6 3
>ENSG00000135392_83
Omics profile 6 6 8 6 2 3 4 1 7 3 4 6 6 6 6 4 7 5 7 6 3 6 5 6 5 9 6 4 4 4
>ENSG00000135773_84
Omics profile 4 4 4 6 4 4 9 3 4 4 3 5 4 5 4 6 4 9 6 6 4 9 6 3 5 5 5 5 7 8
>ENSG00000136883_85
Omics profile 6 3 7 3 3 4 5 7 5 5 4 5 6 5 5 1 6 7 2 7 4 5 8 6 5 3 7 8 7 7
>ENSG00000055163_86
Omics profile 5 4 7 9 7 3 4 7 4 2 5 2 2 5 5 4 5 5 6 8 4 7 3 2 7 5 6 7 5 5
>ENSG00000139219_87
Omics profile 3 5 4 5 5 5 4 4 6 5 6 4 5 5 5 10 5 6 6 4 6 4 3 5 10 4 6 8 3 6
>ENSG00000141232_88
Omics profile 5 3 5 3 5 4 6 7 5 5 6 10 6 1 6 4 4 6 7 7 3 6 4 5 5 6 4 7 5 7
>ENSG00000141376_89
Omics profile 4 5 5 4 4 6 4 6 2 4 4 6 6 6 10 4 7 4 6 4 3 3 8 7 8 5 4 5 4 6
>ENSG00000141977_90
Omics profile 5 5 5 4 4 6 9 4 4 6 4 6 5 5 7 2 4 5 6 5 4 5 2 4 6 4 9 10 6 5
>ENSG00000143412_91
Omics profile 5 2 6 4 2 3 5 5 4 4 6 7 6 1 7 6 3 5 8 7 5 6 5 7 5 6 6 7 5 5
>ENSG00000144218_92
Omics profile 8 8 8 8 4 7 4 6 4 3 3 4 4 8 4 2 5 7 5 3 7 4 2 4 7 7 4 3 4 6
>ENSG00000144711_93
Omics profile 4 6 4 3 6 4 8 7 4 8 5 4 1 7 4 9 5 5 6 6 5 2 5 2 6 5 6 6 4 10
>ENSG00000145431_94
Omics profile 2 8 3 9 8 8 4 6 7 6 9 5 8 8 1 5 10 2 4 3 8 8 10 9 5 4 1 5 3 2
>ENSG00000146038_95
Omics profile 6 5 6 6 4 5 5 4 6 7 3 5 4 4 8 6 4 5 3 5 4 9 7 4 2 8 7 3 6 4
>ENSG00000146112_96
Omics profile 2 8 5 8 9 9 2 6 9 7 6 5 7 9 4 5 9 3 5 5 8 4 5 10 4 2 1 5 3 1
>ENSG00000146476_97
Omics profile 7 6 8 6 3 7 5 6 6 1 7 2 7 5 9 4 7 7 3 7 2 3 3 5 5 4 4 5 5 4
>ENSG00000064787_98
Omics profile 4 4 5 3 3 5 8 2 3 5 5 8 4 4 5 6 3 4 4 10 3 7 7 5 5 4 5 9 5 9
>ENSG00000148841_99
Omics profile 1 9 1 7 6 8 3 6 8 7 8 3 8 10 2 6 9 3 2 5 7 7 6 8 5 3 2 7 2 3
>ENSG00000151303_100
Omics profile 4 5 5 5 7 3 7 7 7 2 1 5 4 6 3 8 7 5 4 6 5 1 6 5 6 5 9 6 4 7
