>ENSG00000154316_1
Omics profile 14 17 9 20 15 16 29 23 25 14 24 24 15 17 24 7 17 37 31 14 16 18 23 15 19 29 22 11 20 15
>ENSG00000157827_2
Omics profile 9 29 12 37 37 40 6 32 33 37 33 20 28 31 11 15 32 1 7 16 29 12 18 30 17 7 5 20 5 10
>ENSG00000158258_3
Omics profile 24 20 34 14 34 27 18 10 14 24 17 9 13 25 25 21 13 18 35 15 18 10 19 12 13 17 23 13 18 13
>ENSG00000160180_4
Omics profile 22 13 15 18 12 16 25 15 13 10 13 27 11 19 16 36 25 25 22 22 12 23 20 10 5 17 28 32 25 21
>ENSG00000160182_5
Omics profile 28 14 18 17 16 13 25 16 17 21 19 24 11 23 29 28 23 32 21 19 20 16 14 20 9 11 29 28 24 11
>ENSG00000162415_6
Omics profile 19 13 15 40 25 12 23 13 9 12 23 16 7 25 29 28 24 17 19 30 6 18 21 14 27 16 19 9 16 19
>ENSG00000162755_7
Omics profile 18 10 23 28 17 24 16 9 9 17 9 36 9 13 16 26 15 16 25 21 24 9 3 29 23 24 24 36 28 15
>ENSG00000162976_8
Omics profile 23 18 19 3 14 22 24 29 10 10 24 31 29 14 18 20 24 10 1 29 22 24 10 9 20 24 23 24 27 18
>ENSG00000163704_9
Omics profile 13 25 14 17 23 17 18 15 12 9 1 29 9 20 20 26 10 23 28 36 23 17 7 22 25 14 30 22 22 27
>ENSG00000070731_10
Omics profile 15 8 18 23 21 8 19 18 16 19 5 27 26 5 17 21 9 28 36 15 22 15 19 24 24 18 19 22 26 20
>ENSG00000164402_11
Omics profile 27 26 40 21 6 13 15 20 23 25 20 21 24 27 14 18 26 14 20 3 5 25 15 15 20 24 21 12 16 16
>ENSG00000164919_12
Omics profile 20 15 16 18 18 19 36 20 16 20 23 17 19 11 37 22 18 15 19 21 1 30 28 26 18 13 16 20 16 18
>ENSG00000165061_13
Omics profile 20 18 28 16 21 18 10 17 18 28 20 19 16 26 16 29 17 30 40 15 18 15 9 17 35 10 23 13 23 16
>ENSG00000165475_14
Omics profile 17 25 19 25 26 19 24 28 7 15 26 26 10 7 20 18 28 16 15 16 12 27 16 1 15 20 22 1 20 30
>ENSG00000165731_15
Omics profile 15 18 19 32 16 15 27 11 21 15 16 18 12 14 25 25 18 20 28 10 14 20 17 11 23 13 26 40 13 17
>ENSG00000165863_16
Omics profile 31 20 15 24 19 19 14 17 40 16 15 14 18 20 19 34 19 11 17 17 20 15 12 19 34 25 25 15 10 35
>ENSG00000167769_17
Omics profile 16 19 16 19 18 21 37 16 19 16 14 22 18 20 12 22 19 12 14 16 19 28 12 18 32 36 25 14 22 20
>ENSG00000168350_18
Omics profile 18 9 22 19 13 15 12 19 10 19 10 23 17 10 19 27 12 22 32 25 19 22 34 8 13 19 19 31 32 22
>ENSG00000168421_19
Omics profile 16 13 24 12 9 15 24 8 13 12 25 25 18 13 19 14 16 26 30 18 11 29 27 10 26 20 13 23 24 25
>ENSG00000168589_20
Omics profile 22 16 20 19 10 18 29 17 15 10 27 40 13 21 20 1 14 16 17 12 15 14 36 22 16 23 19 21 21 30
>ENSG00000169239_21
Omics profile 16 25 21 16 18 30 40 12 12 24 21 33 24 27 20 19 20 19 19 10 22 1 18 7 37 15 15 9 10 24
>ENSG00000169347_22
Omics profile 40 21 17 18 20 28 30 20 19 22 18 14 20 24 32 15 18 13 14 18 26 13 15 18 12 16 31 18 13 14
>ENSG00000169429_23
Omics profile 11 31 11 24 35 30 9 30 34 29 36 12 29 37 9 6 35 9 11 12 37 24 24 18 10 9 7 10 7 10
>ENSG00000169891_24
Omics profile 19 3 30 13 22 11 27 25 7 15 29 19 33 9 15 23 23 15 23 21 23 18 20 23 24 19 18 5 18 17
>ENSG00000169895_25
Omics profile 13 27 15 10 1 10 21 20 20 22 31 23 25 20 16 16 26 18 20 19 11 19 1 13 33 22 24 19 29 29
>ENSG00000170500_26
Omics profile 35 26 24 20 23 18 28 16 18 18 13 11 15 18 28 10 20 24 12 16 17 10 20 16 26 17 21 13 21 19
>ENSG00000075461_27
Omics profile 20 28 23 7 18 14 17 18 3 21 24 19 23 8 19 20 6 25 23 26 17 7 26 24 13 18 19 35 22 25
>ENSG00000172264_28
Omics profile 26 16 36 31 23 25 22 17 15 19 17 18 8 16 27 13 11 14 26 21 20 9 27 14 15 14 13 9 19 22
>ENSG00000173467_29
Omics profile 27 18 10 16 16 18 32 15 18 18 19 12 37 18 19 18 17 14 13 15 18 31 19 17 25 22 16 15 34 21
>ENSG00000174483_30
Omics profile 17 16 15 17 3 23 24 23 23 20 10 35 18 10 13 22 3 16 27 22 26 6 35 15 32 26 18 21 23 21
>ENSG00000174498_31
Omics profile 33 24 13 18 19 22 19 19 21 18 16 19 20 25 35 12 22 24 15 18 21 16 14 20 11 22 34 16 20 13
>ENSG00000175356_32
Omics profile 37 24 14 22 17 23 16 18 21 19 17 15 18 23 26 32 19 20 13 18 19 16 15 19 10 32 26 19 24 12
>ENSG00000176597_33
Omics profile 5 34 7 30 27 28 7 34 36 31 37 6 36 25 8 13 29 10 20 13 30 25 22 36 15 9 6 25 3 7
>ENSG00000178988_34
Omics profile 26 22 31 30 16 9 23 22 6 26 13 11 22 18 25 19 18 18 22 1 23 12 29 23 15 17 10 18 14 34
>ENSG00000179010_35
Omics profile 15 27 25 20 15 3 22 9 14 24 25 1 10 24 26 17 28 22 27 7 25 21 16 25 36 23 16 12 16 17
>ENSG00000081041_36
Omics profile 10 29 10 15 40 27 10 32 31 35 30 17 35 30 9 7 31 7 13 14 40 28 21 28 8 10 8 13 8 9
>ENSG00000180777_37
Omics profile 10 24 35 17 19 23 25 18 20 17 16 15 19 28 17 10 24 32 19 20 20 15 13 19 10 16 22 16 15 40
>ENSG00000082175_38
Omics profile 22 21 29 19 20 21 11 19 22 19 17 16 21 22 15 11 21 25 17 18 21 17 15 21 15 37 32 16 40 12
>ENSG00000183044_39
Omics profile 24 11 27 22 15 20 17 12 21 25 19 22 13 12 23 12 7 25 28 12 21 19 15 29 7 18 23 19 30 23
>ENSG00000183317_40
Omics profile 25 10 19 25 31 10 15 19 19 28 25 3 7 10 18 30 16 18 23 7 28 20 25 14 27 18 18 8 31 18
>ENSG00000084444_41
Omics profile 28 15 26 9 20 24 16 13 17 9 7 28 27 15 33 13 22 22 20 23 18 25 16 17 29 10 16 24 29 13
>ENSG00000185261_42
Omics profile 32 26 21 20 25 26 25 18 15 13 19 25 19 16 18 9 15 6 11 13 25 14 10 27 21 35 12 14 19 32
>ENSG00000186910_43
Omics profile 28 21 13 19 21 25 11 19 22 19 17 16 21 23 14 11 21 30 16 19 22 17 15 21 12 27 37 17 37 28
>ENSG00000087274_44
Omics profile 24 22 24 23 12 1 20 15 12 3 28 19 19 26 13 16 30 21 18 5 32 19 24 26 22 21 15 18 17 26
>ENSG00000088002_45
Omics profile 15 7 16 7 19 7 18 5 24 28 24 34 26 6 22 30 1 17 21 24 21 23 29 25 30 16 17 23 19 19
>ENSG00000196208_46
Omics profile 29 16 25 27 21 20 14 21 20 16 15 15 16 23 26 9 22 34 13 14 24 18 13 23 16 25 26 12 35 13
>ENSG00000196557_47
Omics profile 30 21 14 16 15 16 13 37 19 13 14 12 15 19 22 26 24 27 12 15 16 21 30 19 14 22 29 20 15 27
>ENSG00000196636_48
Omics profile 12 28 5 28 28 33 3 25 27 30 28 22 30 29 1 20 28 15 22 33 29 28 20 34 31 1 12 26 1 5
>ENSG00000196639_49
Omics profile 9 40 6 25 29 37 9 15 30 36 28 5 30 33 6 17 37 9 6 27 28 26 25 31 1 6 9 27 9 16
>ENSG00000007402_50
Omics profile 19 20 22 13 24 16 17 19 8 24 22 18 17 15 16 28 9 26 29 23 8 20 32 9 16 13 32 19 23 26
>ENSG00000198133_51
Omics profile 32 13 18 14 17 20 16 16 25 16 16 16 19 18 24 21 19 27 16 34 17 21 6 21 6 20 30 24 33 15
>ENSG00000090539_52
Omics profile 17 20 28 15 16 21 12 26 16 16 16 10 16 21 18 10 21 20 26 17 24 23 20 15 20 33 40 14 12 19
>ENSG00000198863_53
Omics profile 34 9 30 21 7 6 18 9 25 25 22 21 22 15 15 27 26 18 18 13 9 21 9 28 19 21 11 29 17 28
>ENSG00000198944_54
Omics profile 25 19 37 28 17 19 19 26 19 23 22 10 25 19 13 15 17 15 16 15 27 15 14 16 12 31 33 15 14 16
>ENSG00000091831_55
Omics profile 24 15 26 13 17 14 21 14 24 26 19 16 22 19 30 16 16 21 9 9 18 10 17 28 18 28 19 18 26 24
>ENSG00000204276_56
Omics profile 25 20 33 17 24 26 14 17 20 17 20 14 19 22 11 24 19 40 15 17 20 16 13 19 21 30 17 15 30 16
>ENSG00000205913_57
Omics profile 20 6 18 25 26 21 34 22 11 5 18 9 12 15 21 23 10 16 33 23 24 37 21 20 16 16 17 3 16 28
>ENSG00000100219_58
Omics profile 17 14 20 11 8 22 22 24 17 6 18 21 25 11 23 15 13 19 34 29 3 33 28 7 18 19 16 17 26 23
>ENSG00000100711_59
Omics profile 12 11 16 1 16 5 16 15 18 18 26 25 23 18 18 31 16 17 32 18 16 32 25 27 28 25 15 19 22 32
>ENSG00000101850_60
Omics profile 23 17 19 12 25 17 23 29 9 23 6 25 20 15 20 24 15 21 25 8 19 17 30 18 30 12 25 6 18 20
>ENSG00000213204_61
Omics profile 18 15 20 26 19 12 26 13 28 12 32 32 12 12 28 18 10 13 18 11 14 14 17 12 28 27 18 22 17 17
>ENSG00000105388_62
Omics profile 16 15 11 13 12 15 28 10 22 21 26 20 22 16 22 35 14 29 10 19 13 40 33 16 19 15 14 16 18 33
>ENSG00000109861_63
Omics profile 11 30 12 29 32 29 1 30 29 27 40 19 34 29 9 15 29 11 15 28 33 24 18 26 11 12 10 29 12 1
>ENSG00000111912_64
Omics profile 3 24 12 26 27 32 10 40 23 33 35 9 40 28 12 17 30 3 19 26 34 22 23 30 15 5 9 23 7 6
>ENSG00000113494_65
Omics profile 19 22 21 5 22 24 20 24 1 16 20 26 25 9 19 16 12 19 25 28 13 20 16 3 23 30 12 33 16 24
>ENSG00000115616_66
Omics profile 18 12 10 15 26 13 28 7 19 14 7 30 9 13 21 17 11 23 24 32 15 32 23 17 21 24 18 23 21 21
>ENSG00000116299_67
Omics profile 16 12 25 10 10 12 19 7 10 14 13 24 24 13 24 19 15 21 30 31 9 29 37 10 22 16 16 28 17 19
>ENSG00000026652_68
Omics profile 10 33 7 36 30 35 7 33 29 22 29 30 32 32 7 14 34 5 7 19 35 18 5 32 3 11 11 7 12 7
>ENSG00000116717_69
Omics profile 6 37 1 26 32 25 8 36 32 40 25 8 26 34 10 20 27 7 18 20 26 19 26 35 16 3 10 24 11 9
>ENSG00000118242_70
Omics profile 16 1 22 34 24 7 17 20 32 15 18 13 27 7 36 17 20 15 20 24 16 9 19 16 25 18 14 18 15 20
>ENSG00000120262_71
Omics profile 19 19 23 18 19 20 30 35 20 18 16 15 20 22 32 12 20 22 15 16 19 13 12 21 9 25 20 15 36 12
>ENSG00000122735_72
Omics profile 25 17 20 16 13 18 20 13 18 13 15 22 16 16 10 9 16 33 17 40 27 15 22 15 28 23 20 25 28 14
>ENSG00000123066_73
Omics profile 21 25 18 23 29 29 15 21 26 29 11 18 17 24 30 25 22 13 3 6 7 13 11 9 21 40 13 18 25 15
>ENSG00000123191_74
Omics profile 20 23 26 8 24 17 23 25 15 8 19 28 3 9 15 25 15 29 18 25 25 20 21 11 14 14 28 30 20 18
>ENSG00000124126_75
Omics profile 22 5 16 6 22 26 15 23 25 20 11 15 5 28 22 19 5 19 16 35 13 27 16 24 20 23 20 28 27 23
>ENSG00000124507_76
Omics profile 21 10 23 9 20 13 18 3 27 32 8 28 17 12 21 32 8 15 18 30 16 22 18 24 16 28 20 27 15 14
>ENSG00000124713_77
Omics profile 14 22 18 15 20 19 21 12 13 23 9 32 17 24 15 18 7 31 37 19 10 19 16 16 17 32 20 16 25 18
>ENSG00000129295_78
Omics profile 36 18 21 21 9 23 18 21 26 22 30 18 10 16 23 20 23 12 22 9 13 7 24 13 24 19 15 7 32 22
>ENSG00000134240_79
Omics profile 9 18 15 15 15 18 26 14 17 17 12 23 15 17 12 25 23 36 12 28 17 36 25 16 23 19 27 20 19 29
>ENSG00000134830_80
Omics profile 23 16 27 24 11 15 20 10 15 11 10 13 14 20 21 21 20 23 10 17 32 11 19 22 18 28 27 21 20 20
>ENSG00000134871_81
Omics profile 7 36 8 21 36 36 9 31 37 34 21 18 15 36 7 19 32 9 16 24 36 17 17 37 9 8 9 15 9 10
>ENSG00000135097_82
Omics profile 30 28 9 19 25 19 21 25 23 32 22 15 14 14 28 37 13 24 9 11 15 8 22 19 13 26 17 11 24 11
>ENSG00000135392_83
Omics profile 21 23 29 22 7 9 13 1 28 11 14 23 23 21 24 15 25 18 25 22 9 23 18 23 19 34 22 16 15 15
>ENSG00000135773_84
Omics profile 14 16 13 22 13 16 35 11 13 15 12 20 15 18 15 24 13 35 21 24 14 35 24 12 19 20 17 20 25 31
>ENSG00000136883_85
Omics profile 21 12 25 11 10 14 19 26 17 20 15 17 23 17 17 3 21 28 8 27 15 18 32 22 20 12 28 30 28 26
>ENSG00000055163_86
Omics profile 17 14 28 35 28 11 15 27 16 7 18 7 6 17 17 16 18 20 24 32 15 25 9 6 26 20 21 25 19 18
>ENSG00000139219_87
Omics profile 12 19 13 20 18 20 13 16 22 18 21 16 18 19 17 40 19 24 21 16 23 13 11 20 40 15 24 32 10 24
>ENSG00000141232_88
Omics profile 18 9 17 10 18 15 22 28 18 20 21 37 21 1 23 16 15 23 26 26 10 22 13 18 18 21 15 26 18 25
>ENSG00000141376_89
Omics profile 13 17 20 16 13 22 15 24 5 15 15 24 21 22 40 14 25 13 24 13 12 11 31 25 29 17 15 17 14 23
>ENSG00000141977_90
Omics profile 18 17 17 14 14 24 33 14 16 23 15 21 20 17 27 5 16 19 23 17 16 19 8 15 22 15 35 37 23 17
>ENSG00000143412_91
Omics profile 19 7 22 15 5 9 17 18 16 13 23 26 24 3 25 23 9 19 29 25 18 24 19 25 18 21 21 26 19 19
>ENSG00000144218_92
Omics profile 29 32 32 32 14 28 16 22 14 9 9 13 13 32 16 8 18 26 19 10 25 16 7 13 25 26 14 10 13 22
>ENSG00000144711_93
Omics profile 13 23 16 9 22 16 32 28 15 30 18 13 1 26 14 33 17 17 24 23 17 5 18 5 22 19 24 21 15 37
>ENSG00000145431_94
Omics profile 7 30 9 33 30 32 13 21 28 21 34 20 32 30 3 18 40 8 15 9 30 30 40 33 17 13 1 19 11 8
>ENSG00000146038_95
Omics profile 23 19 24 23 15 17 19 16 24 25 12 17 14 16 31 24 14 17 10 20 15 34 26 13 7 29 25 10 21 15
>ENSG00000146112_96
Omics profile 8 32 17 29 33 34 5 22 35 27 23 20 28 35 13 19 33 12 17 20 31 16 17 40 14 7 3 17 9 3
>ENSG00000146476_97
Omics profile 26 23 32 24 9 25 20 24 24 1 27 7 28 19 34 13 27 28 9 25 7 12 10 20 17 15 13 17 17 16
>ENSG00000064787_98
Omics profile 15 15 17 12 11 17 31 6 11 17 20 29 16 15 18 22 12 16 14 37 10 26 28 18 17 15 18 34 18 36
>ENSG00000148841_99
Omics profile 1 35 3 27 23 31 12 23 30 26 32 10 31 40 5 23 36 10 5 20 28 26 23 32 19 9 7 25 6 9
>ENSG00000151303_100
Omics profile 15 19 19 18 28 10 26 27 26 7 3 17 16 21 10 29 25 20 16 22 19 3 22 17 24 18 36 22 13 25
